#	Id	ClassId	GroupId			Level		LevelChange_1	SelectedRate_1	LevelChange_2	SelectedRate_2	LevelChange_3	SelectedRate_3	LevelChange_4	SelectedRate_4
# °Ó«°¼W¥[±j¤Æ¦¨¥\²v															
#	½s¸¹	Class½s¸¹	±j¤Æ¤ÀÃþ¸s²Õ	¨÷¶bÃþ«¬	¨÷¶b¼h¯Å	¸Ë³Æ­ìµ¥¯Å	±j¤Æ«áµ¥¯Å	¯à¤O­ÈÅÜ¤Æ	¦¨¥\¾÷²v¢H	¯à¤O­ÈÅÜ¤Æ	¦¨¥\¾÷²v¢H	¯à¤O­ÈÅÜ¤Æ	¦¨¥\¾÷²v¢H	¯à¤O­ÈÅÜ¤Æ	¦¨¥\¾÷²v¢H
# ­°§C±j¤Æ­È															
#	11001	5001	1	¶A©GªZ¨÷		0	0	-1	100	0	0	0	0	0	0
	11002	5001	1	¶A©GªZ¨÷		1	0	-1	100	0	0	0	0	0	0
	11003	5001	1	¶A©GªZ¨÷		2	1	-1	100	0	0	0	0	0	0
	11004	5001	1	¶A©GªZ¨÷		3	2	-1	100	0	0	0	0	0	0
	11005	5001	1	¶A©GªZ¨÷		4	3	-1	100	0	0	0	0	0	0
	11006	5001	1	¶A©GªZ¨÷		5	4	-1	100	0	0	0	0	0	0
	11007	5001	1	¶A©GªZ¨÷		6	5	-1	100	0	0	0	0	0	0
	11008	5001	1	¶A©GªZ¨÷		7	6	-1	100	0	0	0	0	0	0
	11009	5001	1	¶A©GªZ¨÷		8	7	-1	100	0	0	0	0	0	0
	11010	5001	1	¶A©GªZ¨÷		9	8	-1	100	0	0	0	0	0	0
	11011	5001	1	¶A©GªZ¨÷		10	9	-1	100	0	0	0	0	0	0
	11012	5001	1	¶A©GªZ¨÷		11	10	-1	100	0	0	0	0	0	0
	11013	5001	1	¶A©GªZ¨÷		12	11	-1	100	0	0	0	0	0	0
	11014	5001	1	¶A©GªZ¨÷		13	12	-1	100	0	0	0	0	0	0
	11015	5001	1	¶A©GªZ¨÷		14	13	-1	100	0	0	0	0	0	0
	11016	5001	1	¶A©GªZ¨÷		15	14	-1	100	0	0	0	0	0	0
	11017	5001	1	¶A©GªZ¨÷		16	15	-1	100	0	0	0	0	0	0
	11018	5001	1	¶A©GªZ¨÷		17	16	-1	100	0	0	0	0	0	0
	11019	5001	1	¶A©GªZ¨÷		18	17	-1	100	0	0	0	0	0	0
	11020	5001	1	¶A©GªZ¨÷		19	18	-1	100	0	0	0	0	0	0
	11021	5001	1	¶A©GªZ¨÷		20	19	-1	100	0	0	0	0	0	0
	11022	5001	1	¶A©GªZ¨÷		21	20	-1	100	0	0	0	0	0	0
	11023	5001	1	¶A©GªZ¨÷		22	21	-1	100	0	0	0	0	0	0
	11024	5001	1	¶A©GªZ¨÷		23	22	-1	100	0	0	0	0	0	0
	11025	5001	1	¶A©GªZ¨÷		24	23	-1	100	0	0	0	0	0	0
	11026	5001	1	¶A©GªZ¨÷		25	24	-1	100	0	0	0	0	0	0
	11027	5001	1	¶A©GªZ¨÷		26	25	-1	100	0	0	0	0	0	0
	11028	5001	1	¶A©GªZ¨÷		27	26	-1	100	0	0	0	0	0	0
	11029	5001	1	¶A©GªZ¨÷		28	27	-1	100	0	0	0	0	0	0
	11030	5001	1	¶A©GªZ¨÷		29	28	-1	100	0	0	0	0	0	0
	11031	5001	1	¶A©GªZ¨÷		30	29	-1	100	0	0	0	0	0	0
	11032	5001	1	¶A©GªZ¨÷		31	30	-1	100	0	0	0	0	0	0
	11033	5001	1	¶A©GªZ¨÷		32	31	-1	100	0	0	0	0	0	0
	11034	5001	1	¶A©GªZ¨÷		33	32	-1	100	0	0	0	0	0	0
	11035	5001	1	¶A©GªZ¨÷		34	33	-1	100	0	0	0	0	0	0
	11036	5001	1	¶A©GªZ¨÷		35	34	-1	100	0	0	0	0	0	0
	11037	5001	1	¶A©GªZ¨÷		36	35	-1	100	0	0	0	0	0	0
	11038	5001	1	¶A©GªZ¨÷		37	36	-1	100	0	0	0	0	0	0
	11039	5001	1	¶A©GªZ¨÷		38	37	-1	100	0	0	0	0	0	0
	11040	5001	1	¶A©GªZ¨÷		39	38	-1	100	0	0	0	0	0	0
	11041	5001	1	¶A©GªZ¨÷		40	39	-1	100	0	0	0	0	0	0
	11042	5001	1	¶A©GªZ¨÷		41	40	-1	100	0	0	0	0	0	0
	11043	5001	1	¶A©GªZ¨÷		42	41	-1	100	0	0	0	0	0	0
	11044	5001	1	¶A©GªZ¨÷		43	42	-1	100	0	0	0	0	0	0
	11045	5001	1	¶A©GªZ¨÷		44	43	-1	100	0	0	0	0	0	0
	11046	5001	1	¶A©GªZ¨÷		45	44	-1	100	0	0	0	0	0	0
	11047	5001	1	¶A©GªZ¨÷		46	45	-1	100	0	0	0	0	0	0
	11048	5001	1	¶A©GªZ¨÷		47	46	-1	100	0	0	0	0	0	0
	11049	5001	1	¶A©GªZ¨÷		48	47	-1	100	0	0	0	0	0	0
	11050	5001	1	¶A©GªZ¨÷		49	48	-1	100	0	0	0	0	0	0
	11051	5001	1	¶A©GªZ¨÷		50	49	-1	100	0	0	0	0	0	0
	11052	5001	1	¶A©GªZ¨÷		51	50	-1	100	0	0	0	0	0	0
	11053	5001	1	¶A©GªZ¨÷		52	51	-1	100	0	0	0	0	0	0
	11054	5001	1	¶A©GªZ¨÷		53	52	-1	100	0	0	0	0	0	0
	11055	5001	1	¶A©GªZ¨÷		54	53	-1	100	0	0	0	0	0	0
	11056	5001	1	¶A©GªZ¨÷		55	54	-1	100	0	0	0	0	0	0
	11057	5001	1	¶A©GªZ¨÷		56	55	-1	100	0	0	0	0	0	0
	11058	5001	1	¶A©GªZ¨÷		57	56	-1	100	0	0	0	0	0	0
	11059	5001	1	¶A©GªZ¨÷		58	57	-1	100	0	0	0	0	0	0
	11060	5001	1	¶A©GªZ¨÷		59	58	-1	100	0	0	0	0	0	0
	11061	5001	1	¶A©GªZ¨÷		60	59	-1	100	0	0	0	0	0	0
	11062	5001	1	¶A©GªZ¨÷		61	60	-1	100	0	0	0	0	0	0
	11063	5001	1	¶A©GªZ¨÷		62	61	-1	100	0	0	0	0	0	0
	11064	5001	1	¶A©GªZ¨÷		63	62	-1	100	0	0	0	0	0	0
	11065	5001	1	¶A©GªZ¨÷		64	63	-1	100	0	0	0	0	0	0
	11066	5001	1	¶A©GªZ¨÷		65	64	-1	100	0	0	0	0	0	0
	11067	5001	1	¶A©GªZ¨÷		66	65	-1	100	0	0	0	0	0	0
	11068	5001	1	¶A©GªZ¨÷		67	66	-1	100	0	0	0	0	0	0
	11069	5001	1	¶A©GªZ¨÷		68	67	-1	100	0	0	0	0	0	0
	11070	5001	1	¶A©GªZ¨÷		69	68	-1	100	0	0	0	0	0	0
	11071	5001	1	¶A©GªZ¨÷		70	69	-1	100	0	0	0	0	0	0
	11072	5001	1	¶A©GªZ¨÷		71	70	-1	100	0	0	0	0	0	0
	11073	5001	1	¶A©GªZ¨÷		72	71	-1	100	0	0	0	0	0	0
	11074	5001	1	¶A©GªZ¨÷		73	72	-1	100	0	0	0	0	0	0
	11075	5001	1	¶A©GªZ¨÷		74	73	-1	100	0	0	0	0	0	0
	11076	5001	1	¶A©GªZ¨÷		75	74	-1	100	0	0	0	0	0	0
	11077	5001	1	¶A©GªZ¨÷		76	75	-1	100	0	0	0	0	0	0
	11078	5001	1	¶A©GªZ¨÷		77	76	-1	100	0	0	0	0	0	0
	11079	5001	1	¶A©GªZ¨÷		78	77	-1	100	0	0	0	0	0	0
	11080	5001	1	¶A©GªZ¨÷		79	78	-1	100	0	0	0	0	0	0
	11081	5001	1	¶A©GªZ¨÷		80	79	-1	100	0	0	0	0	0	0
	11082	5001	1	¶A©GªZ¨÷		81	80	-1	100	0	0	0	0	0	0
	11083	5001	1	¶A©GªZ¨÷		82	81	-1	100	0	0	0	0	0	0
	11084	5001	1	¶A©GªZ¨÷		83	82	-1	100	0	0	0	0	0	0
	11085	5001	1	¶A©GªZ¨÷		84	83	-1	100	0	0	0	0	0	0
	11086	5001	1	¶A©GªZ¨÷		85	84	-1	100	0	0	0	0	0	0
	11087	5001	1	¶A©GªZ¨÷		86	85	-1	100	0	0	0	0	0	0
	11088	5001	1	¶A©GªZ¨÷		87	86	-1	100	0	0	0	0	0	0
	11089	5001	1	¶A©GªZ¨÷		88	87	-1	100	0	0	0	0	0	0
	11090	5001	1	¶A©GªZ¨÷		89	88	-1	100	0	0	0	0	0	0
	11091	5001	1	¶A©GªZ¨÷		90	89	-1	100	0	0	0	0	0	0
	11092	5001	1	¶A©GªZ¨÷		91	90	-1	100	0	0	0	0	0	0
	11093	5001	1	¶A©GªZ¨÷		92	91	-1	100	0	0	0	0	0	0
	11094	5001	1	¶A©GªZ¨÷		93	92	-1	100	0	0	0	0	0	0
	11095	5001	1	¶A©GªZ¨÷		94	93	-1	100	0	0	0	0	0	0
	11096	5001	1	¶A©GªZ¨÷		95	94	-1	100	0	0	0	0	0	0
	11097	5001	1	¶A©GªZ¨÷		96	95	-1	100	0	0	0	0	0	0
	11098	5001	1	¶A©GªZ¨÷		97	96	-1	100	0	0	0	0	0	0
	11099	5001	1	¶A©GªZ¨÷		98	97	-1	100	0	0	0	0	0	0
	11100	5001	1	¶A©GªZ¨÷		99	98	-1	100	0	0	0	0	0	0
	11101	5001	1	¶A©GªZ¨÷		100	99	-1	100	0	0	0	0	0	0
	11102	5001	1	¶A©GªZ¨÷		101	100	-1	100	0	0	0	0	0	0
	11103	5001	1	¶A©GªZ¨÷		102	101	-1	100	0	0	0	0	0	0
	11104	5001	1	¶A©GªZ¨÷		103	102	-1	100	0	0	0	0	0	0
	11105	5001	1	¶A©GªZ¨÷		104	103	-1	100	0	0	0	0	0	0
	11106	5001	1	¶A©GªZ¨÷		105	104	-1	100	0	0	0	0	0	0
	11107	5001	1	¶A©GªZ¨÷		106	105	-1	100	0	0	0	0	0	0
	11108	5001	1	¶A©GªZ¨÷		107	106	-1	100	0	0	0	0	0	0
	11109	5001	1	¶A©GªZ¨÷		108	107	-1	100	0	0	0	0	0	0
#	12001	5001	2	¶A©G¨¾¨÷		0	0	-1	100	0	0	0	0	0	0
	12002	5001	2	¶A©G¨¾¨÷		1	0	-1	100	0	0	0	0	0	0
	12003	5001	2	¶A©G¨¾¨÷		2	1	-1	100	0	0	0	0	0	0
	12004	5001	2	¶A©G¨¾¨÷		3	2	-1	100	0	0	0	0	0	0
	12005	5001	2	¶A©G¨¾¨÷		4	3	-1	100	0	0	0	0	0	0
	12006	5001	2	¶A©G¨¾¨÷		5	4	-1	100	0	0	0	0	0	0
	12007	5001	2	¶A©G¨¾¨÷		6	5	-1	100	0	0	0	0	0	0
	12008	5001	2	¶A©G¨¾¨÷		7	6	-1	100	0	0	0	0	0	0
	12009	5001	2	¶A©G¨¾¨÷		8	7	-1	100	0	0	0	0	0	0
	12010	5001	2	¶A©G¨¾¨÷		9	8	-1	100	0	0	0	0	0	0
	12011	5001	2	¶A©G¨¾¨÷		10	9	-1	100	0	0	0	0	0	0
	12012	5001	2	¶A©G¨¾¨÷		11	10	-1	100	0	0	0	0	0	0
	12013	5001	2	¶A©G¨¾¨÷		12	11	-1	100	0	0	0	0	0	0
	12014	5001	2	¶A©G¨¾¨÷		13	12	-1	100	0	0	0	0	0	0
	12015	5001	2	¶A©G¨¾¨÷		14	13	-1	100	0	0	0	0	0	0
	12016	5001	2	¶A©G¨¾¨÷		15	14	-1	100	0	0	0	0	0	0
	12017	5001	2	¶A©G¨¾¨÷		16	15	-1	100	0	0	0	0	0	0
	12018	5001	2	¶A©G¨¾¨÷		17	16	-1	100	0	0	0	0	0	0
	12019	5001	2	¶A©G¨¾¨÷		18	17	-1	100	0	0	0	0	0	0
	12020	5001	2	¶A©G¨¾¨÷		19	18	-1	100	0	0	0	0	0	0
	12021	5001	2	¶A©G¨¾¨÷		20	19	-1	100	0	0	0	0	0	0
	12022	5001	2	¶A©G¨¾¨÷		21	20	-1	100	0	0	0	0	0	0
	12023	5001	2	¶A©G¨¾¨÷		22	21	-1	100	0	0	0	0	0	0
	12024	5001	2	¶A©G¨¾¨÷		23	22	-1	100	0	0	0	0	0	0
	12025	5001	2	¶A©G¨¾¨÷		24	23	-1	100	0	0	0	0	0	0
	12026	5001	2	¶A©G¨¾¨÷		25	24	-1	100	0	0	0	0	0	0
	12027	5001	2	¶A©G¨¾¨÷		26	25	-1	100	0	0	0	0	0	0
	12028	5001	2	¶A©G¨¾¨÷		27	26	-1	100	0	0	0	0	0	0
	12029	5001	2	¶A©G¨¾¨÷		28	27	-1	100	0	0	0	0	0	0
	12030	5001	2	¶A©G¨¾¨÷		29	28	-1	100	0	0	0	0	0	0
	12031	5001	2	¶A©G¨¾¨÷		30	29	-1	100	0	0	0	0	0	0
	12032	5001	2	¶A©G¨¾¨÷		31	30	-1	100	0	0	0	0	0	0
	12033	5001	2	¶A©G¨¾¨÷		32	31	-1	100	0	0	0	0	0	0
	12034	5001	2	¶A©G¨¾¨÷		33	32	-1	100	0	0	0	0	0	0
	12035	5001	2	¶A©G¨¾¨÷		34	33	-1	100	0	0	0	0	0	0
	12036	5001	2	¶A©G¨¾¨÷		35	34	-1	100	0	0	0	0	0	0
	12037	5001	2	¶A©G¨¾¨÷		36	35	-1	100	0	0	0	0	0	0
	12038	5001	2	¶A©G¨¾¨÷		37	36	-1	100	0	0	0	0	0	0
	12039	5001	2	¶A©G¨¾¨÷		38	37	-1	100	0	0	0	0	0	0
	12040	5001	2	¶A©G¨¾¨÷		39	38	-1	100	0	0	0	0	0	0
	12041	5001	2	¶A©G¨¾¨÷		40	39	-1	100	0	0	0	0	0	0
	12042	5001	2	¶A©G¨¾¨÷		41	40	-1	100	0	0	0	0	0	0
	12043	5001	2	¶A©G¨¾¨÷		42	41	-1	100	0	0	0	0	0	0
	12044	5001	2	¶A©G¨¾¨÷		43	42	-1	100	0	0	0	0	0	0
	12045	5001	2	¶A©G¨¾¨÷		44	43	-1	100	0	0	0	0	0	0
	12046	5001	2	¶A©G¨¾¨÷		45	44	-1	100	0	0	0	0	0	0
	12047	5001	2	¶A©G¨¾¨÷		46	45	-1	100	0	0	0	0	0	0
	12048	5001	2	¶A©G¨¾¨÷		47	46	-1	100	0	0	0	0	0	0
	12049	5001	2	¶A©G¨¾¨÷		48	47	-1	100	0	0	0	0	0	0
	12050	5001	2	¶A©G¨¾¨÷		49	48	-1	100	0	0	0	0	0	0
	12051	5001	2	¶A©G¨¾¨÷		50	49	-1	100	0	0	0	0	0	0
	12052	5001	2	¶A©G¨¾¨÷		51	50	-1	100	0	0	0	0	0	0
	12053	5001	2	¶A©G¨¾¨÷		52	51	-1	100	0	0	0	0	0	0
	12054	5001	2	¶A©G¨¾¨÷		53	52	-1	100	0	0	0	0	0	0
	12055	5001	2	¶A©G¨¾¨÷		54	53	-1	100	0	0	0	0	0	0
	12056	5001	2	¶A©G¨¾¨÷		55	54	-1	100	0	0	0	0	0	0
	12057	5001	2	¶A©G¨¾¨÷		56	55	-1	100	0	0	0	0	0	0
	12058	5001	2	¶A©G¨¾¨÷		57	56	-1	100	0	0	0	0	0	0
	12059	5001	2	¶A©G¨¾¨÷		58	57	-1	100	0	0	0	0	0	0
	12060	5001	2	¶A©G¨¾¨÷		59	58	-1	100	0	0	0	0	0	0
	12061	5001	2	¶A©G¨¾¨÷		60	59	-1	100	0	0	0	0	0	0
	12062	5001	2	¶A©G¨¾¨÷		61	60	-1	100	0	0	0	0	0	0
	12063	5001	2	¶A©G¨¾¨÷		62	61	-1	100	0	0	0	0	0	0
	12064	5001	2	¶A©G¨¾¨÷		63	62	-1	100	0	0	0	0	0	0
	12065	5001	2	¶A©G¨¾¨÷		64	63	-1	100	0	0	0	0	0	0
	12066	5001	2	¶A©G¨¾¨÷		65	64	-1	100	0	0	0	0	0	0
	12067	5001	2	¶A©G¨¾¨÷		66	65	-1	100	0	0	0	0	0	0
	12068	5001	2	¶A©G¨¾¨÷		67	66	-1	100	0	0	0	0	0	0
	12069	5001	2	¶A©G¨¾¨÷		68	67	-1	100	0	0	0	0	0	0
	12070	5001	2	¶A©G¨¾¨÷		69	68	-1	100	0	0	0	0	0	0
	12071	5001	2	¶A©G¨¾¨÷		70	69	-1	100	0	0	0	0	0	0
	12072	5001	2	¶A©G¨¾¨÷		71	70	-1	100	0	0	0	0	0	0
	12073	5001	2	¶A©G¨¾¨÷		72	71	-1	100	0	0	0	0	0	0
	12074	5001	2	¶A©G¨¾¨÷		73	72	-1	100	0	0	0	0	0	0
	12075	5001	2	¶A©G¨¾¨÷		74	73	-1	100	0	0	0	0	0	0
	12076	5001	2	¶A©G¨¾¨÷		75	74	-1	100	0	0	0	0	0	0
	12077	5001	2	¶A©G¨¾¨÷		76	75	-1	100	0	0	0	0	0	0
	12078	5001	2	¶A©G¨¾¨÷		77	76	-1	100	0	0	0	0	0	0
	12079	5001	2	¶A©G¨¾¨÷		78	77	-1	100	0	0	0	0	0	0
	12080	5001	2	¶A©G¨¾¨÷		79	78	-1	100	0	0	0	0	0	0
	12081	5001	2	¶A©G¨¾¨÷		80	79	-1	100	0	0	0	0	0	0
	12082	5001	2	¶A©G¨¾¨÷		81	80	-1	100	0	0	0	0	0	0
	12083	5001	2	¶A©G¨¾¨÷		82	81	-1	100	0	0	0	0	0	0
	12084	5001	2	¶A©G¨¾¨÷		83	82	-1	100	0	0	0	0	0	0
	12085	5001	2	¶A©G¨¾¨÷		84	83	-1	100	0	0	0	0	0	0
	12086	5001	2	¶A©G¨¾¨÷		85	84	-1	100	0	0	0	0	0	0
	12087	5001	2	¶A©G¨¾¨÷		86	85	-1	100	0	0	0	0	0	0
	12088	5001	2	¶A©G¨¾¨÷		87	86	-1	100	0	0	0	0	0	0
	12089	5001	2	¶A©G¨¾¨÷		88	87	-1	100	0	0	0	0	0	0
	12090	5001	2	¶A©G¨¾¨÷		89	88	-1	100	0	0	0	0	0	0
	12091	5001	2	¶A©G¨¾¨÷		90	89	-1	100	0	0	0	0	0	0
	12092	5001	2	¶A©G¨¾¨÷		91	90	-1	100	0	0	0	0	0	0
	12093	5001	2	¶A©G¨¾¨÷		92	91	-1	100	0	0	0	0	0	0
	12094	5001	2	¶A©G¨¾¨÷		93	92	-1	100	0	0	0	0	0	0
	12095	5001	2	¶A©G¨¾¨÷		94	93	-1	100	0	0	0	0	0	0
	12096	5001	2	¶A©G¨¾¨÷		95	94	-1	100	0	0	0	0	0	0
	12097	5001	2	¶A©G¨¾¨÷		96	95	-1	100	0	0	0	0	0	0
	12098	5001	2	¶A©G¨¾¨÷		97	96	-1	100	0	0	0	0	0	0
	12099	5001	2	¶A©G¨¾¨÷		98	97	-1	100	0	0	0	0	0	0
	12100	5001	2	¶A©G¨¾¨÷		99	98	-1	100	0	0	0	0	0	0
	12101	5001	2	¶A©G¨¾¨÷		100	99	-1	100	0	0	0	0	0	0
	12102	5001	2	¶A©G¨¾¨÷		101	100	-1	100	0	0	0	0	0	0
	12103	5001	2	¶A©G¨¾¨÷		102	101	-1	100	0	0	0	0	0	0
	12104	5001	2	¶A©G¨¾¨÷		103	102	-1	100	0	0	0	0	0	0
	12105	5001	2	¶A©G¨¾¨÷		104	103	-1	100	0	0	0	0	0	0
	12106	5001	2	¶A©G¨¾¨÷		105	104	-1	100	0	0	0	0	0	0
	12107	5001	2	¶A©G¨¾¨÷		106	105	-1	100	0	0	0	0	0	0
	12108	5001	2	¶A©G¨¾¨÷		107	106	-1	100	0	0	0	0	0	0
	12109	5001	2	¶A©G¨¾¨÷		108	107	-1	100	0	0	0	0	0	0
# ¼W¥[±j¤Æ­È															
	21001	5001	3	¤@¯ëªZ¨÷		0	1	1	100	0	0	0	0	0	0
	21002	5001	3	¤@¯ëªZ¨÷		1	2	1	100	0	0	0	0	0	0
	21003	5001	3	¤@¯ëªZ¨÷		2	3	1	100	0	0	0	0	0	0
	21004	5001	3	¤@¯ëªZ¨÷		3	4	1	100	0	0	0	0	0	0
	21005	5001	3	¤@¯ëªZ¨÷		4	5	1	100	0	0	0	0	0	0
	21006	5001	3	¤@¯ëªZ¨÷		5	6	1	100	0	0	0	0	0	0
	21007	5001	3	¤@¯ëªZ¨÷		6	7	1	100	0	0	0	0	0	0
	21008	5001	3	¤@¯ëªZ¨÷		7	8	1	100	0	0	0	0	0	0
	21009	5001	3	¤@¯ëªZ¨÷		8	9	1	100	0	0	0	0	0	0
	21010	5001	3	¤@¯ëªZ¨÷		9	10	1	100	0	0	0	0	0	0
	21011	5001	3	¤@¯ëªZ¨÷		10	11	1	100	0	0	0	0	0	0
	21012	5001	3	¤@¯ëªZ¨÷		11	12	1	100	0	0	0	0	0	0
	21013	5001	3	¤@¯ëªZ¨÷		12	13	1	100	0	0	0	0	0	0
	21014	5001	3	¤@¯ëªZ¨÷		13	14	1	100	0	0	0	0	0	0
	21015	5001	3	¤@¯ëªZ¨÷		14	15	1	100	0	0	0	0	0	0
	21016	5001	3	¤@¯ëªZ¨÷		15	16	1	100	0	0	0	0	0	0
	21017	5001	3	¤@¯ëªZ¨÷		16	17	1	100	0	0	0	0	0	0
	21018	5001	3	¤@¯ëªZ¨÷		17	18	1	100	0	0	0	0	0	0
	21019	5001	3	¤@¯ëªZ¨÷		18	19	1	100	0	0	0	0	0	0
	21020	5001	3	¤@¯ëªZ¨÷		19	20	1	100	0	0	0	0	0	0
	21021	5001	3	¤@¯ëªZ¨÷		20	21	1	100	0	0	0	0	0	0
	21022	5001	3	¤@¯ëªZ¨÷		21	22	1	100	0	0	0	0	0	0
	21023	5001	3	¤@¯ëªZ¨÷		22	23	1	100	0	0	0	0	0	0
	21024	5001	3	¤@¯ëªZ¨÷		23	24	1	100	0	0	0	0	0	0
	21025	5001	3	¤@¯ëªZ¨÷		24	25	1	100	0	0	0	0	0	0
	21026	5001	3	¤@¯ëªZ¨÷		25	26	1	100	0	0	0	0	0	0
	21027	5001	3	¤@¯ëªZ¨÷		26	27	1	100	0	0	0	0	0	0
	21028	5001	3	¤@¯ëªZ¨÷		27	28	1	100	0	0	0	0	0	0
	21029	5001	3	¤@¯ëªZ¨÷		28	29	1	100	0	0	0	0	0	0
	21030	5001	3	¤@¯ëªZ¨÷		29	30	1	100	0	0	0	0	0	0
	21031	5001	3	¤@¯ëªZ¨÷		30	31	1	100	0	0	0	0	0	0
	21032	5001	3	¤@¯ëªZ¨÷		31	32	1	100	0	0	0	0	0	0
	21033	5001	3	¤@¯ëªZ¨÷		32	33	1	100	0	0	0	0	0	0
	21034	5001	3	¤@¯ëªZ¨÷		33	34	1	100	0	0	0	0	0	0
	21035	5001	3	¤@¯ëªZ¨÷		34	35	1	100	0	0	0	0	0	0
	21036	5001	3	¤@¯ëªZ¨÷		35	36	1	100	0	0	0	0	0	0
	21037	5001	3	¤@¯ëªZ¨÷		36	37	1	100	0	0	0	0	0	0
	21038	5001	3	¤@¯ëªZ¨÷		37	38	1	100	0	0	0	0	0	0
	21039	5001	3	¤@¯ëªZ¨÷		38	39	1	100	0	0	0	0	0	0
	21040	5001	3	¤@¯ëªZ¨÷		39	40	1	100	0	0	0	0	0	0
	21041	5001	3	¤@¯ëªZ¨÷		40	41	1	100	0	0	0	0	0	0
	21042	5001	3	¤@¯ëªZ¨÷		41	42	1	100	0	0	0	0	0	0
	21043	5001	3	¤@¯ëªZ¨÷		42	43	1	100	0	0	0	0	0	0
	21044	5001	3	¤@¯ëªZ¨÷		43	44	1	100	0	0	0	0	0	0
	21045	5001	3	¤@¯ëªZ¨÷		44	45	1	100	0	0	0	0	0	0
	21046	5001	3	¤@¯ëªZ¨÷		45	46	1	100	0	0	0	0	0	0
	21047	5001	3	¤@¯ëªZ¨÷		46	47	1	100	0	0	0	0	0	0
	21048	5001	3	¤@¯ëªZ¨÷		47	48	1	100	0	0	0	0	0	0
	21049	5001	3	¤@¯ëªZ¨÷		48	49	1	100	0	0	0	0	0	0
	21050	5001	3	¤@¯ëªZ¨÷		49	50	1	100	0	0	0	0	0	0
	21051	5001	3	¤@¯ëªZ¨÷		50	51	1	100	0	0	0	0	0	0
	21052	5001	3	¤@¯ëªZ¨÷		51	52	1	100	0	0	0	0	0	0
	21053	5001	3	¤@¯ëªZ¨÷		52	53	1	100	0	0	0	0	0	0
	21054	5001	3	¤@¯ëªZ¨÷		53	54	1	100	0	0	0	0	0	0
	21055	5001	3	¤@¯ëªZ¨÷		54	55	1	100	0	0	0	0	0	0
	21056	5001	3	¤@¯ëªZ¨÷		55	56	1	100	0	0	0	0	0	0
	21057	5001	3	¤@¯ëªZ¨÷		56	57	1	100	0	0	0	0	0	0
	21058	5001	3	¤@¯ëªZ¨÷		57	58	1	100	0	0	0	0	0	0
	21059	5001	3	¤@¯ëªZ¨÷		58	59	1	100	0	0	0	0	0	0
	21060	5001	3	¤@¯ëªZ¨÷		59	60	1	100	0	0	0	0	0	0
	21061	5001	3	¤@¯ëªZ¨÷		60	61	1	100	0	0	0	0	0	0
	21062	5001	3	¤@¯ëªZ¨÷		61	62	1	100	0	0	0	0	0	0
	21063	5001	3	¤@¯ëªZ¨÷		62	63	1	100	0	0	0	0	0	0
	21064	5001	3	¤@¯ëªZ¨÷		63	64	1	100	0	0	0	0	0	0
	21065	5001	3	¤@¯ëªZ¨÷		64	65	1	100	0	0	0	0	0	0
	21066	5001	3	¤@¯ëªZ¨÷		65	66	1	100	0	0	0	0	0	0
	21067	5001	3	¤@¯ëªZ¨÷		66	67	1	100	0	0	0	0	0	0
	21068	5001	3	¤@¯ëªZ¨÷		67	68	1	100	0	0	0	0	0	0
	21069	5001	3	¤@¯ëªZ¨÷		68	69	1	100	0	0	0	0	0	0
	21070	5001	3	¤@¯ëªZ¨÷		69	70	1	100	0	0	0	0	0	0
	21071	5001	3	¤@¯ëªZ¨÷		70	71	1	100	0	0	0	0	0	0
	21072	5001	3	¤@¯ëªZ¨÷		71	72	1	100	0	0	0	0	0	0
	21073	5001	3	¤@¯ëªZ¨÷		72	73	1	100	0	0	0	0	0	0
	21074	5001	3	¤@¯ëªZ¨÷		73	74	1	100	0	0	0	0	0	0
	21075	5001	3	¤@¯ëªZ¨÷		74	75	1	100	0	0	0	0	0	0
	21076	5001	3	¤@¯ëªZ¨÷		75	76	1	100	0	0	0	0	0	0
	21077	5001	3	¤@¯ëªZ¨÷		76	77	1	100	0	0	0	0	0	0
	21078	5001	3	¤@¯ëªZ¨÷		77	78	1	100	0	0	0	0	0	0
	21079	5001	3	¤@¯ëªZ¨÷		78	79	1	100	0	0	0	0	0	0
	21080	5001	3	¤@¯ëªZ¨÷		79	80	1	100	0	0	0	0	0	0
	21081	5001	3	¤@¯ëªZ¨÷		80	81	1	100	0	0	0	0	0	0
	21082	5001	3	¤@¯ëªZ¨÷		81	82	1	100	0	0	0	0	0	0
	21083	5001	3	¤@¯ëªZ¨÷		82	83	1	100	0	0	0	0	0	0
	21084	5001	3	¤@¯ëªZ¨÷		83	84	1	100	0	0	0	0	0	0
	21085	5001	3	¤@¯ëªZ¨÷		84	85	1	100	0	0	0	0	0	0
	21086	5001	3	¤@¯ëªZ¨÷		85	86	1	100	0	0	0	0	0	0
	21087	5001	3	¤@¯ëªZ¨÷		86	87	1	100	0	0	0	0	0	0
	21088	5001	3	¤@¯ëªZ¨÷		87	88	1	100	0	0	0	0	0	0
	21089	5001	3	¤@¯ëªZ¨÷		88	89	1	100	0	0	0	0	0	0
	21090	5001	3	¤@¯ëªZ¨÷		89	90	1	100	0	0	0	0	0	0
	21091	5001	3	¤@¯ëªZ¨÷		90	91	1	100	0	0	0	0	0	0
	21092	5001	3	¤@¯ëªZ¨÷		91	92	1	100	0	0	0	0	0	0
	21093	5001	3	¤@¯ëªZ¨÷		92	93	1	100	0	0	0	0	0	0
	21094	5001	3	¤@¯ëªZ¨÷		93	94	1	100	0	0	0	0	0	0
	21095	5001	3	¤@¯ëªZ¨÷		94	95	1	100	0	0	0	0	0	0
	21096	5001	3	¤@¯ëªZ¨÷		95	96	1	100	0	0	0	0	0	0
	21097	5001	3	¤@¯ëªZ¨÷		96	97	1	100	0	0	0	0	0	0
	21098	5001	3	¤@¯ëªZ¨÷		97	98	1	100	0	0	0	0	0	0
	21099	5001	3	¤@¯ëªZ¨÷		98	99	1	100	0	0	0	0	0	0
	21100	5001	3	¤@¯ëªZ¨÷		99	100	1	100	0	0	0	0	0	0
	21101	5001	3	¤@¯ëªZ¨÷		100	101	1	100	0	0	0	0	0	0
	21102	5001	3	¤@¯ëªZ¨÷		101	102	1	100	0	0	0	0	0	0
	21103	5001	3	¤@¯ëªZ¨÷		102	103	1	100	0	0	0	0	0	0
	21104	5001	3	¤@¯ëªZ¨÷		103	104	1	100	0	0	0	0	0	0
	21105	5001	3	¤@¯ëªZ¨÷		104	105	1	100	0	0	0	0	0	0
	21106	5001	3	¤@¯ëªZ¨÷		105	106	1	100	0	0	0	0	0	0
	21107	5001	3	¤@¯ëªZ¨÷		106	107	1	100	0	0	0	0	0	0
	21108	5001	3	¤@¯ëªZ¨÷		107	108	1	100	0	0	0	0	0	0
	22001	5001	4	¤@¯ë¨¾¨÷		0	1	1	100	0	0	0	0	0	0
	22002	5001	4	¤@¯ë¨¾¨÷		1	2	1	100	0	0	0	0	0	0
	22003	5001	4	¤@¯ë¨¾¨÷		2	3	1	100	0	0	0	0	0	0
	22004	5001	4	¤@¯ë¨¾¨÷		3	4	1	100	0	0	0	0	0	0
	22005	5001	4	¤@¯ë¨¾¨÷		4	5	1	100	0	0	0	0	0	0
	22006	5001	4	¤@¯ë¨¾¨÷		5	6	1	100	0	0	0	0	0	0
	22007	5001	4	¤@¯ë¨¾¨÷		6	7	1	100	0	0	0	0	0	0
	22008	5001	4	¤@¯ë¨¾¨÷		7	8	1	100	0	0	0	0	0	0
	22009	5001	4	¤@¯ë¨¾¨÷		8	9	1	100	0	0	0	0	0	0
	22010	5001	4	¤@¯ë¨¾¨÷		9	10	1	100	0	0	0	0	0	0
	22011	5001	4	¤@¯ë¨¾¨÷		10	11	1	100	0	0	0	0	0	0
	22012	5001	4	¤@¯ë¨¾¨÷		11	12	1	100	0	0	0	0	0	0
	22013	5001	4	¤@¯ë¨¾¨÷		12	13	1	100	0	0	0	0	0	0
	22014	5001	4	¤@¯ë¨¾¨÷		13	14	1	100	0	0	0	0	0	0
	22015	5001	4	¤@¯ë¨¾¨÷		14	15	1	100	0	0	0	0	0	0
	22016	5001	4	¤@¯ë¨¾¨÷		15	16	1	100	0	0	0	0	0	0
	22017	5001	4	¤@¯ë¨¾¨÷		16	17	1	100	0	0	0	0	0	0
	22018	5001	4	¤@¯ë¨¾¨÷		17	18	1	100	0	0	0	0	0	0
	22019	5001	4	¤@¯ë¨¾¨÷		18	19	1	100	0	0	0	0	0	0
	22020	5001	4	¤@¯ë¨¾¨÷		19	20	1	100	0	0	0	0	0	0
	22021	5001	4	¤@¯ë¨¾¨÷		20	21	1	100	0	0	0	0	0	0
	22022	5001	4	¤@¯ë¨¾¨÷		21	22	1	100	0	0	0	0	0	0
	22023	5001	4	¤@¯ë¨¾¨÷		22	23	1	100	0	0	0	0	0	0
	22024	5001	4	¤@¯ë¨¾¨÷		23	24	1	100	0	0	0	0	0	0
	22025	5001	4	¤@¯ë¨¾¨÷		24	25	1	100	0	0	0	0	0	0
	22026	5001	4	¤@¯ë¨¾¨÷		25	26	1	100	0	0	0	0	0	0
	22027	5001	4	¤@¯ë¨¾¨÷		26	27	1	100	0	0	0	0	0	0
	22028	5001	4	¤@¯ë¨¾¨÷		27	28	1	100	0	0	0	0	0	0
	22029	5001	4	¤@¯ë¨¾¨÷		28	29	1	100	0	0	0	0	0	0
	22030	5001	4	¤@¯ë¨¾¨÷		29	30	1	100	0	0	0	0	0	0
	22031	5001	4	¤@¯ë¨¾¨÷		30	31	1	100	0	0	0	0	0	0
	22032	5001	4	¤@¯ë¨¾¨÷		31	32	1	100	0	0	0	0	0	0
	22033	5001	4	¤@¯ë¨¾¨÷		32	33	1	100	0	0	0	0	0	0
	22034	5001	4	¤@¯ë¨¾¨÷		33	34	1	100	0	0	0	0	0	0
	22035	5001	4	¤@¯ë¨¾¨÷		34	35	1	100	0	0	0	0	0	0
	22036	5001	4	¤@¯ë¨¾¨÷		35	36	1	100	0	0	0	0	0	0
	22037	5001	4	¤@¯ë¨¾¨÷		36	37	1	100	0	0	0	0	0	0
	22038	5001	4	¤@¯ë¨¾¨÷		37	38	1	100	0	0	0	0	0	0
	22039	5001	4	¤@¯ë¨¾¨÷		38	39	1	100	0	0	0	0	0	0
	22040	5001	4	¤@¯ë¨¾¨÷		39	40	1	100	0	0	0	0	0	0
	22041	5001	4	¤@¯ë¨¾¨÷		40	41	1	100	0	0	0	0	0	0
	22042	5001	4	¤@¯ë¨¾¨÷		41	42	1	100	0	0	0	0	0	0
	22043	5001	4	¤@¯ë¨¾¨÷		42	43	1	100	0	0	0	0	0	0
	22044	5001	4	¤@¯ë¨¾¨÷		43	44	1	100	0	0	0	0	0	0
	22045	5001	4	¤@¯ë¨¾¨÷		44	45	1	100	0	0	0	0	0	0
	22046	5001	4	¤@¯ë¨¾¨÷		45	46	1	100	0	0	0	0	0	0
	22047	5001	4	¤@¯ë¨¾¨÷		46	47	1	100	0	0	0	0	0	0
	22048	5001	4	¤@¯ë¨¾¨÷		47	48	1	100	0	0	0	0	0	0
	22049	5001	4	¤@¯ë¨¾¨÷		48	49	1	100	0	0	0	0	0	0
	22050	5001	4	¤@¯ë¨¾¨÷		49	50	1	100	0	0	0	0	0	0
	22051	5001	4	¤@¯ë¨¾¨÷		50	51	1	100	0	0	0	0	0	0
	22052	5001	4	¤@¯ë¨¾¨÷		51	52	1	100	0	0	0	0	0	0
	22053	5001	4	¤@¯ë¨¾¨÷		52	53	1	100	0	0	0	0	0	0
	22054	5001	4	¤@¯ë¨¾¨÷		53	54	1	100	0	0	0	0	0	0
	22055	5001	4	¤@¯ë¨¾¨÷		54	55	1	100	0	0	0	0	0	0
	22056	5001	4	¤@¯ë¨¾¨÷		55	56	1	100	0	0	0	0	0	0
	22057	5001	4	¤@¯ë¨¾¨÷		56	57	1	100	0	0	0	0	0	0
	22058	5001	4	¤@¯ë¨¾¨÷		57	58	1	100	0	0	0	0	0	0
	22059	5001	4	¤@¯ë¨¾¨÷		58	59	1	100	0	0	0	0	0	0
	22060	5001	4	¤@¯ë¨¾¨÷		59	60	1	100	0	0	0	0	0	0
	22061	5001	4	¤@¯ë¨¾¨÷		60	61	1	100	0	0	0	0	0	0
	22062	5001	4	¤@¯ë¨¾¨÷		61	62	1	100	0	0	0	0	0	0
	22063	5001	4	¤@¯ë¨¾¨÷		62	63	1	100	0	0	0	0	0	0
	22064	5001	4	¤@¯ë¨¾¨÷		63	64	1	100	0	0	0	0	0	0
	22065	5001	4	¤@¯ë¨¾¨÷		64	65	1	100	0	0	0	0	0	0
	22066	5001	4	¤@¯ë¨¾¨÷		65	66	1	100	0	0	0	0	0	0
	22067	5001	4	¤@¯ë¨¾¨÷		66	67	1	100	0	0	0	0	0	0
	22068	5001	4	¤@¯ë¨¾¨÷		67	68	1	100	0	0	0	0	0	0
	22069	5001	4	¤@¯ë¨¾¨÷		68	69	1	100	0	0	0	0	0	0
	22070	5001	4	¤@¯ë¨¾¨÷		69	70	1	100	0	0	0	0	0	0
	22071	5001	4	¤@¯ë¨¾¨÷		70	71	1	100	0	0	0	0	0	0
	22072	5001	4	¤@¯ë¨¾¨÷		71	72	1	100	0	0	0	0	0	0
	22073	5001	4	¤@¯ë¨¾¨÷		72	73	1	100	0	0	0	0	0	0
	22074	5001	4	¤@¯ë¨¾¨÷		73	74	1	100	0	0	0	0	0	0
	22075	5001	4	¤@¯ë¨¾¨÷		74	75	1	100	0	0	0	0	0	0
	22076	5001	4	¤@¯ë¨¾¨÷		75	76	1	100	0	0	0	0	0	0
	22077	5001	4	¤@¯ë¨¾¨÷		76	77	1	100	0	0	0	0	0	0
	22078	5001	4	¤@¯ë¨¾¨÷		77	78	1	100	0	0	0	0	0	0
	22079	5001	4	¤@¯ë¨¾¨÷		78	79	1	100	0	0	0	0	0	0
	22080	5001	4	¤@¯ë¨¾¨÷		79	80	1	100	0	0	0	0	0	0
	22081	5001	4	¤@¯ë¨¾¨÷		80	81	1	100	0	0	0	0	0	0
	22082	5001	4	¤@¯ë¨¾¨÷		81	82	1	100	0	0	0	0	0	0
	22083	5001	4	¤@¯ë¨¾¨÷		82	83	1	100	0	0	0	0	0	0
	22084	5001	4	¤@¯ë¨¾¨÷		83	84	1	100	0	0	0	0	0	0
	22085	5001	4	¤@¯ë¨¾¨÷		84	85	1	100	0	0	0	0	0	0
	22086	5001	4	¤@¯ë¨¾¨÷		85	86	1	100	0	0	0	0	0	0
	22087	5001	4	¤@¯ë¨¾¨÷		86	87	1	100	0	0	0	0	0	0
	22088	5001	4	¤@¯ë¨¾¨÷		87	88	1	100	0	0	0	0	0	0
	22089	5001	4	¤@¯ë¨¾¨÷		88	89	1	100	0	0	0	0	0	0
	22090	5001	4	¤@¯ë¨¾¨÷		89	90	1	100	0	0	0	0	0	0
	22091	5001	4	¤@¯ë¨¾¨÷		90	91	1	100	0	0	0	0	0	0
	22092	5001	4	¤@¯ë¨¾¨÷		91	92	1	100	0	0	0	0	0	0
	22093	5001	4	¤@¯ë¨¾¨÷		92	93	1	100	0	0	0	0	0	0
	22094	5001	4	¤@¯ë¨¾¨÷		93	94	1	100	0	0	0	0	0	0
	22095	5001	4	¤@¯ë¨¾¨÷		94	95	1	100	0	0	0	0	0	0
	22096	5001	4	¤@¯ë¨¾¨÷		95	96	1	100	0	0	0	0	0	0
	22097	5001	4	¤@¯ë¨¾¨÷		96	97	1	100	0	0	0	0	0	0
	22098	5001	4	¤@¯ë¨¾¨÷		97	98	1	100	0	0	0	0	0	0
	22099	5001	4	¤@¯ë¨¾¨÷		98	99	1	100	0	0	0	0	0	0
	22100	5001	4	¤@¯ë¨¾¨÷		99	100	1	100	0	0	0	0	0	0
	22101	5001	4	¤@¯ë¨¾¨÷		100	101	1	100	0	0	0	0	0	0
	22102	5001	4	¤@¯ë¨¾¨÷		101	102	1	100	0	0	0	0	0	0
	22103	5001	4	¤@¯ë¨¾¨÷		102	103	1	100	0	0	0	0	0	0
	22104	5001	4	¤@¯ë¨¾¨÷		103	104	1	100	0	0	0	0	0	0
	22105	5001	4	¤@¯ë¨¾¨÷		104	105	1	100	0	0	0	0	0	0
	22106	5001	4	¤@¯ë¨¾¨÷		105	106	1	100	0	0	0	0	0	0
	22107	5001	4	¤@¯ë¨¾¨÷		106	107	1	100	0	0	0	0	0	0
	22108	5001	4	¤@¯ë¨¾¨÷		107	108	1	100	0	0	0	0	0	0
	23001	5001	5	¯¬ºÖªZ¨÷		0	2 ~ 5	2	45	3	25	4	20	5	10
	23002	5001	5	¯¬ºÖªZ¨÷		1	3 ~ 6	2	45	3	25	4	20	5	10
	23003	5001	5	¯¬ºÖªZ¨÷		2	4 ~ 7	2	45	3	25	4	20	5	10
	23004	5001	5	¯¬ºÖªZ¨÷		3	5 ~ 8	2	45	3	25	4	20	5	10
	23005	5001	5	¯¬ºÖªZ¨÷		4	6 ~ 9	2	45	3	25	4	20	5	10
	23006	5001	5	¯¬ºÖªZ¨÷		5	7 ~ 10	2	45	3	25	4	20	5	10
	23007	5001	5	¯¬ºÖªZ¨÷		6	8 ~ 11	2	45	3	25	4	20	5	10
	23008	5001	5	¯¬ºÖªZ¨÷		7	9 ~ 12	2	45	3	25	4	20	5	10
	23009	5001	5	¯¬ºÖªZ¨÷		8	10 ~ 13	2	45	3	25	4	20	5	10
	23010	5001	5	¯¬ºÖªZ¨÷		9	11 ~ 14	2	45	3	25	4	20	5	10
	23011	5001	5	¯¬ºÖªZ¨÷		10	12 ~ 15	2	45	3	25	4	20	5	10
	23012	5001	5	¯¬ºÖªZ¨÷		11	13 ~ 16	2	45	3	25	4	20	5	10
	23013	5001	5	¯¬ºÖªZ¨÷		12	14 ~ 17	2	45	3	25	4	20	5	10
	23014	5001	5	¯¬ºÖªZ¨÷		13	15 ~ 18	2	45	3	25	4	20	5	10
	23015	5001	5	¯¬ºÖªZ¨÷		14	16 ~ 19	2	45	3	25	4	20	5	10
	23016	5001	5	¯¬ºÖªZ¨÷		15	17 ~ 20	2	45	3	25	4	20	5	10
	23017	5001	5	¯¬ºÖªZ¨÷		16	18 ~ 21	2	45	3	25	4	20	5	10
	23018	5001	5	¯¬ºÖªZ¨÷		17	19 ~ 22	2	45	3	25	4	20	5	10
	23019	5001	5	¯¬ºÖªZ¨÷		18	20 ~ 23	2	45	3	25	4	20	5	10
	23020	5001	5	¯¬ºÖªZ¨÷		19	21 ~ 24	2	45	3	25	4	20	5	10
	23021	5001	5	¯¬ºÖªZ¨÷		20	22 ~ 25	2	45	3	25	4	20	5	10
	23022	5001	5	¯¬ºÖªZ¨÷		21	23 ~ 26	2	45	3	25	4	20	5	10
	23023	5001	5	¯¬ºÖªZ¨÷		22	24 ~ 27	2	45	3	25	4	20	5	10
	23024	5001	5	¯¬ºÖªZ¨÷		23	25 ~ 28	2	45	3	25	4	20	5	10
	23025	5001	5	¯¬ºÖªZ¨÷		24	26 ~ 29	2	45	3	25	4	20	5	10
	23026	5001	5	¯¬ºÖªZ¨÷		25	27 ~ 30	2	45	3	25	4	20	5	10
	23027	5001	5	¯¬ºÖªZ¨÷		26	28 ~ 31	2	45	3	25	4	20	5	10
	23028	5001	5	¯¬ºÖªZ¨÷		27	29 ~ 32	2	45	3	25	4	20	5	10
	23029	5001	5	¯¬ºÖªZ¨÷		28	30 ~ 33	2	45	3	25	4	20	5	10
	23030	5001	5	¯¬ºÖªZ¨÷		29	31 ~ 34	2	45	3	25	4	20	5	10
	23031	5001	5	¯¬ºÖªZ¨÷		30	32 ~ 35	2	45	3	25	4	20	5	10
	23032	5001	5	¯¬ºÖªZ¨÷		31	33 ~ 36	2	45	3	25	4	20	5	10
	23033	5001	5	¯¬ºÖªZ¨÷		32	34 ~ 37	2	45	3	25	4	20	5	10
	23034	5001	5	¯¬ºÖªZ¨÷		33	35 ~ 38	2	45	3	25	4	20	5	10
	23035	5001	5	¯¬ºÖªZ¨÷		34	36 ~ 39	2	45	3	25	4	20	5	10
	23036	5001	5	¯¬ºÖªZ¨÷		35	37 ~ 40	2	45	3	25	4	20	5	10
	23037	5001	5	¯¬ºÖªZ¨÷		36	38 ~ 41	2	45	3	25	4	20	5	10
	23038	5001	5	¯¬ºÖªZ¨÷		37	39 ~ 42	2	45	3	25	4	20	5	10
	23039	5001	5	¯¬ºÖªZ¨÷		38	40 ~ 43	2	45	3	25	4	20	5	10
	23040	5001	5	¯¬ºÖªZ¨÷		39	41 ~ 44	2	45	3	25	4	20	5	10
	23041	5001	5	¯¬ºÖªZ¨÷		40	42 ~ 45	2	45	3	25	4	20	5	10
	23042	5001	5	¯¬ºÖªZ¨÷		41	43 ~ 46	2	45	3	25	4	20	5	10
	23043	5001	5	¯¬ºÖªZ¨÷		42	44 ~ 47	2	45	3	25	4	20	5	10
	23044	5001	5	¯¬ºÖªZ¨÷		43	45 ~ 48	2	45	3	25	4	20	5	10
	23045	5001	5	¯¬ºÖªZ¨÷		44	46 ~ 49	2	45	3	25	4	20	5	10
	23046	5001	5	¯¬ºÖªZ¨÷		45	47 ~ 50	2	45	3	25	4	20	5	10
	23047	5001	5	¯¬ºÖªZ¨÷		46	48 ~ 51	2	45	3	25	4	20	5	10
	23048	5001	5	¯¬ºÖªZ¨÷		47	49 ~ 52	2	45	3	25	4	20	5	10
	23049	5001	5	¯¬ºÖªZ¨÷		48	50 ~ 53	2	45	3	25	4	20	5	10
	23050	5001	5	¯¬ºÖªZ¨÷		49	51 ~ 54	2	45	3	25	4	20	5	10
	23051	5001	5	¯¬ºÖªZ¨÷		50	52 ~ 55	2	45	3	25	4	20	5	10
	23052	5001	5	¯¬ºÖªZ¨÷		51	53 ~ 56	2	45	3	25	4	20	5	10
	23053	5001	5	¯¬ºÖªZ¨÷		52	54 ~ 57	2	45	3	25	4	20	5	10
	23054	5001	5	¯¬ºÖªZ¨÷		53	55 ~ 58	2	45	3	25	4	20	5	10
	23055	5001	5	¯¬ºÖªZ¨÷		54	56 ~ 59	2	45	3	25	4	20	5	10
	23056	5001	5	¯¬ºÖªZ¨÷		55	57 ~ 60	2	45	3	25	4	20	5	10
	23057	5001	5	¯¬ºÖªZ¨÷		56	58 ~ 61	2	45	3	25	4	20	5	10
	23058	5001	5	¯¬ºÖªZ¨÷		57	59 ~ 62	2	45	3	25	4	20	5	10
	23059	5001	5	¯¬ºÖªZ¨÷		58	60 ~ 63	2	45	3	25	4	20	5	10
	23060	5001	5	¯¬ºÖªZ¨÷		59	61 ~ 64	2	45	3	25	4	20	5	10
	23061	5001	5	¯¬ºÖªZ¨÷		60	62 ~ 65	2	45	3	25	4	20	5	10
	23062	5001	5	¯¬ºÖªZ¨÷		61	63 ~ 66	2	45	3	25	4	20	5	10
	23063	5001	5	¯¬ºÖªZ¨÷		62	64 ~ 67	2	45	3	25	4	20	5	10
	23064	5001	5	¯¬ºÖªZ¨÷		63	65 ~ 68	2	45	3	25	4	20	5	10
	23065	5001	5	¯¬ºÖªZ¨÷		64	66 ~ 69	2	45	3	25	4	20	5	10
	23066	5001	5	¯¬ºÖªZ¨÷		65	67 ~ 70	2	45	3	25	4	20	5	10
	23067	5001	5	¯¬ºÖªZ¨÷		66	68 ~ 71	2	45	3	25	4	20	5	10
	23068	5001	5	¯¬ºÖªZ¨÷		67	69 ~ 72	2	45	3	25	4	20	5	10
	23069	5001	5	¯¬ºÖªZ¨÷		68	70 ~ 73	2	45	3	25	4	20	5	10
	23070	5001	5	¯¬ºÖªZ¨÷		69	71 ~ 74	2	45	3	25	4	20	5	10
	23071	5001	5	¯¬ºÖªZ¨÷		70	72 ~ 75	2	45	3	25	4	20	5	10
	23072	5001	5	¯¬ºÖªZ¨÷		71	73 ~ 76	2	45	3	25	4	20	5	10
	23073	5001	5	¯¬ºÖªZ¨÷		72	74 ~ 77	2	45	3	25	4	20	5	10
	23074	5001	5	¯¬ºÖªZ¨÷		73	75 ~ 78	2	45	3	25	4	20	5	10
	23075	5001	5	¯¬ºÖªZ¨÷		74	76 ~ 79	2	45	3	25	4	20	5	10
	23076	5001	5	¯¬ºÖªZ¨÷		75	77 ~ 80	2	45	3	25	4	20	5	10
	23077	5001	5	¯¬ºÖªZ¨÷		76	78 ~ 81	2	45	3	25	4	20	5	10
	23078	5001	5	¯¬ºÖªZ¨÷		77	79 ~ 82	2	45	3	25	4	20	5	10
	23079	5001	5	¯¬ºÖªZ¨÷		78	80 ~ 83	2	45	3	25	4	20	5	10
	23080	5001	5	¯¬ºÖªZ¨÷		79	81 ~ 84	2	45	3	25	4	20	5	10
	23081	5001	5	¯¬ºÖªZ¨÷		80	82 ~ 85	2	45	3	25	4	20	5	10
	23082	5001	5	¯¬ºÖªZ¨÷		81	83 ~ 86	2	45	3	25	4	20	5	10
	23083	5001	5	¯¬ºÖªZ¨÷		82	84 ~ 87	2	45	3	25	4	20	5	10
	23084	5001	5	¯¬ºÖªZ¨÷		83	85 ~ 88	2	45	3	25	4	20	5	10
	23085	5001	5	¯¬ºÖªZ¨÷		84	86 ~ 89	2	45	3	25	4	20	5	10
	23086	5001	5	¯¬ºÖªZ¨÷		85	87 ~ 90	2	45	3	25	4	20	5	10
	23087	5001	5	¯¬ºÖªZ¨÷		86	88 ~ 91	2	45	3	25	4	20	5	10
	23088	5001	5	¯¬ºÖªZ¨÷		87	89 ~ 92	2	45	3	25	4	20	5	10
	23089	5001	5	¯¬ºÖªZ¨÷		88	90 ~ 93	2	45	3	25	4	20	5	10
	23090	5001	5	¯¬ºÖªZ¨÷		89	91 ~ 94	2	45	3	25	4	20	5	10
	23091	5001	5	¯¬ºÖªZ¨÷		90	92 ~ 95	2	45	3	25	4	20	5	10
	23092	5001	5	¯¬ºÖªZ¨÷		91	93 ~ 96	2	45	3	25	4	20	5	10
	23093	5001	5	¯¬ºÖªZ¨÷		92	94 ~ 97	2	45	3	25	4	20	5	10
	23094	5001	5	¯¬ºÖªZ¨÷		93	95 ~ 98	2	45	3	25	4	20	5	10
	23095	5001	5	¯¬ºÖªZ¨÷		94	96 ~ 99	2	45	3	25	4	20	5	10
	23096	5001	5	¯¬ºÖªZ¨÷		95	97 ~ 100	2	45	3	25	4	20	5	10
	23097	5001	5	¯¬ºÖªZ¨÷		96	98 ~ 101	2	45	3	25	4	20	5	10
	23098	5001	5	¯¬ºÖªZ¨÷		97	99 ~ 102	2	45	3	25	4	20	5	10
	23099	5001	5	¯¬ºÖªZ¨÷		98	100 ~ 103	2	45	3	25	4	20	5	10
	23100	5001	5	¯¬ºÖªZ¨÷		99	101 ~ 104	2	45	3	25	4	20	5	10
	23101	5001	5	¯¬ºÖªZ¨÷		100	102 ~ 105	2	45	3	25	4	20	5	10
	23102	5001	5	¯¬ºÖªZ¨÷		101	103 ~ 106	2	45	3	25	4	20	5	10
	23103	5001	5	¯¬ºÖªZ¨÷		102	104 ~ 107	2	45	3	25	4	20	5	10
	23104	5001	5	¯¬ºÖªZ¨÷		103	105 ~ 108	2	45	3	25	4	20	5	10
	23105	5001	5	¯¬ºÖªZ¨÷		104	104 ~ 108	2	55	3	25	4	20	0	0
	23106	5001	5	¯¬ºÖªZ¨÷		105	105 ~ 108	2	75	3	25	0	0	0	0
	23107	5001	5	¯¬ºÖªZ¨÷		106	106 ~ 108	2	100	0	0	0	0	0	0
	23108	5001	5	¯¬ºÖªZ¨÷		107	107 ~ 108	1	100	0	0	0	0	0	0
	24001	5001	6	¯¬ºÖ¨¾¨÷		0	2 ~ 5	2	45	3	25	4	20	5	10
	24002	5001	6	¯¬ºÖ¨¾¨÷		1	3 ~ 6	2	45	3	25	4	20	5	10
	24003	5001	6	¯¬ºÖ¨¾¨÷		2	4 ~ 7	2	45	3	25	4	20	5	10
	24004	5001	6	¯¬ºÖ¨¾¨÷		3	5 ~ 8	2	45	3	25	4	20	5	10
	24005	5001	6	¯¬ºÖ¨¾¨÷		4	6 ~ 9	2	45	3	25	4	20	5	10
	24006	5001	6	¯¬ºÖ¨¾¨÷		5	7 ~ 10	2	45	3	25	4	20	5	10
	24007	5001	6	¯¬ºÖ¨¾¨÷		6	8 ~ 11	2	45	3	25	4	20	5	10
	24008	5001	6	¯¬ºÖ¨¾¨÷		7	9 ~ 12	2	45	3	25	4	20	5	10
	24009	5001	6	¯¬ºÖ¨¾¨÷		8	10 ~ 13	2	45	3	25	4	20	5	10
	24010	5001	6	¯¬ºÖ¨¾¨÷		9	11 ~ 14	2	45	3	25	4	20	5	10
	24011	5001	6	¯¬ºÖ¨¾¨÷		10	12 ~ 15	2	45	3	25	4	20	5	10
	24012	5001	6	¯¬ºÖ¨¾¨÷		11	13 ~ 16	2	45	3	25	4	20	5	10
	24013	5001	6	¯¬ºÖ¨¾¨÷		12	14 ~ 17	2	45	3	25	4	20	5	10
	24014	5001	6	¯¬ºÖ¨¾¨÷		13	15 ~ 18	2	45	3	25	4	20	5	10
	24015	5001	6	¯¬ºÖ¨¾¨÷		14	16 ~ 19	2	45	3	25	4	20	5	10
	24016	5001	6	¯¬ºÖ¨¾¨÷		15	17 ~ 20	2	45	3	25	4	20	5	10
	24017	5001	6	¯¬ºÖ¨¾¨÷		16	18 ~ 21	2	45	3	25	4	20	5	10
	24018	5001	6	¯¬ºÖ¨¾¨÷		17	19 ~ 22	2	45	3	25	4	20	5	10
	24019	5001	6	¯¬ºÖ¨¾¨÷		18	20 ~ 23	2	45	3	25	4	20	5	10
	24020	5001	6	¯¬ºÖ¨¾¨÷		19	21 ~ 24	2	45	3	25	4	20	5	10
	24021	5001	6	¯¬ºÖ¨¾¨÷		20	22 ~ 25	2	45	3	25	4	20	5	10
	24022	5001	6	¯¬ºÖ¨¾¨÷		21	23 ~ 26	2	45	3	25	4	20	5	10
	24023	5001	6	¯¬ºÖ¨¾¨÷		22	24 ~ 27	2	45	3	25	4	20	5	10
	24024	5001	6	¯¬ºÖ¨¾¨÷		23	25 ~ 28	2	45	3	25	4	20	5	10
	24025	5001	6	¯¬ºÖ¨¾¨÷		24	26 ~ 29	2	45	3	25	4	20	5	10
	24026	5001	6	¯¬ºÖ¨¾¨÷		25	27 ~ 30	2	45	3	25	4	20	5	10
	24027	5001	6	¯¬ºÖ¨¾¨÷		26	28 ~ 31	2	45	3	25	4	20	5	10
	24028	5001	6	¯¬ºÖ¨¾¨÷		27	29 ~ 32	2	45	3	25	4	20	5	10
	24029	5001	6	¯¬ºÖ¨¾¨÷		28	30 ~ 33	2	45	3	25	4	20	5	10
	24030	5001	6	¯¬ºÖ¨¾¨÷		29	31 ~ 34	2	45	3	25	4	20	5	10
	24031	5001	6	¯¬ºÖ¨¾¨÷		30	32 ~ 35	2	45	3	25	4	20	5	10
	24032	5001	6	¯¬ºÖ¨¾¨÷		31	33 ~ 36	2	45	3	25	4	20	5	10
	24033	5001	6	¯¬ºÖ¨¾¨÷		32	34 ~ 37	2	45	3	25	4	20	5	10
	24034	5001	6	¯¬ºÖ¨¾¨÷		33	35 ~ 38	2	45	3	25	4	20	5	10
	24035	5001	6	¯¬ºÖ¨¾¨÷		34	36 ~ 39	2	45	3	25	4	20	5	10
	24036	5001	6	¯¬ºÖ¨¾¨÷		35	37 ~ 40	2	45	3	25	4	20	5	10
	24037	5001	6	¯¬ºÖ¨¾¨÷		36	38 ~ 41	2	45	3	25	4	20	5	10
	24038	5001	6	¯¬ºÖ¨¾¨÷		37	39 ~ 42	2	45	3	25	4	20	5	10
	24039	5001	6	¯¬ºÖ¨¾¨÷		38	40 ~ 43	2	45	3	25	4	20	5	10
	24040	5001	6	¯¬ºÖ¨¾¨÷		39	41 ~ 44	2	45	3	25	4	20	5	10
	24041	5001	6	¯¬ºÖ¨¾¨÷		40	42 ~ 45	2	45	3	25	4	20	5	10
	24042	5001	6	¯¬ºÖ¨¾¨÷		41	43 ~ 46	2	45	3	25	4	20	5	10
	24043	5001	6	¯¬ºÖ¨¾¨÷		42	44 ~ 47	2	45	3	25	4	20	5	10
	24044	5001	6	¯¬ºÖ¨¾¨÷		43	45 ~ 48	2	45	3	25	4	20	5	10
	24045	5001	6	¯¬ºÖ¨¾¨÷		44	46 ~ 49	2	45	3	25	4	20	5	10
	24046	5001	6	¯¬ºÖ¨¾¨÷		45	47 ~ 50	2	45	3	25	4	20	5	10
	24047	5001	6	¯¬ºÖ¨¾¨÷		46	48 ~ 51	2	45	3	25	4	20	5	10
	24048	5001	6	¯¬ºÖ¨¾¨÷		47	49 ~ 52	2	45	3	25	4	20	5	10
	24049	5001	6	¯¬ºÖ¨¾¨÷		48	50 ~ 53	2	45	3	25	4	20	5	10
	24050	5001	6	¯¬ºÖ¨¾¨÷		49	51 ~ 54	2	45	3	25	4	20	5	10
	24051	5001	6	¯¬ºÖ¨¾¨÷		50	52 ~ 55	2	45	3	25	4	20	5	10
	24052	5001	6	¯¬ºÖ¨¾¨÷		51	53 ~ 56	2	45	3	25	4	20	5	10
	24053	5001	6	¯¬ºÖ¨¾¨÷		52	54 ~ 57	2	45	3	25	4	20	5	10
	24054	5001	6	¯¬ºÖ¨¾¨÷		53	55 ~ 58	2	45	3	25	4	20	5	10
	24055	5001	6	¯¬ºÖ¨¾¨÷		54	56 ~ 59	2	45	3	25	4	20	5	10
	24056	5001	6	¯¬ºÖ¨¾¨÷		55	57 ~ 60	2	45	3	25	4	20	5	10
	24057	5001	6	¯¬ºÖ¨¾¨÷		56	58 ~ 61	2	45	3	25	4	20	5	10
	24058	5001	6	¯¬ºÖ¨¾¨÷		57	59 ~ 62	2	45	3	25	4	20	5	10
	24059	5001	6	¯¬ºÖ¨¾¨÷		58	60 ~ 63	2	45	3	25	4	20	5	10
	24060	5001	6	¯¬ºÖ¨¾¨÷		59	61 ~ 64	2	45	3	25	4	20	5	10
	24061	5001	6	¯¬ºÖ¨¾¨÷		60	62 ~ 65	2	45	3	25	4	20	5	10
	24062	5001	6	¯¬ºÖ¨¾¨÷		61	63 ~ 66	2	45	3	25	4	20	5	10
	24063	5001	6	¯¬ºÖ¨¾¨÷		62	64 ~ 67	2	45	3	25	4	20	5	10
	24064	5001	6	¯¬ºÖ¨¾¨÷		63	65 ~ 68	2	45	3	25	4	20	5	10
	24065	5001	6	¯¬ºÖ¨¾¨÷		64	66 ~ 69	2	45	3	25	4	20	5	10
	24066	5001	6	¯¬ºÖ¨¾¨÷		65	67 ~ 70	2	45	3	25	4	20	5	10
	24067	5001	6	¯¬ºÖ¨¾¨÷		66	68 ~ 71	2	45	3	25	4	20	5	10
	24068	5001	6	¯¬ºÖ¨¾¨÷		67	69 ~ 72	2	45	3	25	4	20	5	10
	24069	5001	6	¯¬ºÖ¨¾¨÷		68	70 ~ 73	2	45	3	25	4	20	5	10
	24070	5001	6	¯¬ºÖ¨¾¨÷		69	71 ~ 74	2	45	3	25	4	20	5	10
	24071	5001	6	¯¬ºÖ¨¾¨÷		70	72 ~ 75	2	45	3	25	4	20	5	10
	24072	5001	6	¯¬ºÖ¨¾¨÷		71	73 ~ 76	2	45	3	25	4	20	5	10
	24073	5001	6	¯¬ºÖ¨¾¨÷		72	74 ~ 77	2	45	3	25	4	20	5	10
	24074	5001	6	¯¬ºÖ¨¾¨÷		73	75 ~ 78	2	45	3	25	4	20	5	10
	24075	5001	6	¯¬ºÖ¨¾¨÷		74	76 ~ 79	2	45	3	25	4	20	5	10
	24076	5001	6	¯¬ºÖ¨¾¨÷		75	77 ~ 80	2	45	3	25	4	20	5	10
	24077	5001	6	¯¬ºÖ¨¾¨÷		76	78 ~ 81	2	45	3	25	4	20	5	10
	24078	5001	6	¯¬ºÖ¨¾¨÷		77	79 ~ 82	2	45	3	25	4	20	5	10
	24079	5001	6	¯¬ºÖ¨¾¨÷		78	80 ~ 83	2	45	3	25	4	20	5	10
	24080	5001	6	¯¬ºÖ¨¾¨÷		79	81 ~ 84	2	45	3	25	4	20	5	10
	24081	5001	6	¯¬ºÖ¨¾¨÷		80	82 ~ 85	2	45	3	25	4	20	5	10
	24082	5001	6	¯¬ºÖ¨¾¨÷		81	83 ~ 86	2	45	3	25	4	20	5	10
	24083	5001	6	¯¬ºÖ¨¾¨÷		82	84 ~ 87	2	45	3	25	4	20	5	10
	24084	5001	6	¯¬ºÖ¨¾¨÷		83	85 ~ 88	2	45	3	25	4	20	5	10
	24085	5001	6	¯¬ºÖ¨¾¨÷		84	86 ~ 89	2	45	3	25	4	20	5	10
	24086	5001	6	¯¬ºÖ¨¾¨÷		85	87 ~ 90	2	45	3	25	4	20	5	10
	24087	5001	6	¯¬ºÖ¨¾¨÷		86	88 ~ 91	2	45	3	25	4	20	5	10
	24088	5001	6	¯¬ºÖ¨¾¨÷		87	89 ~ 92	2	45	3	25	4	20	5	10
	24089	5001	6	¯¬ºÖ¨¾¨÷		88	90 ~ 93	2	45	3	25	4	20	5	10
	24090	5001	6	¯¬ºÖ¨¾¨÷		89	91 ~ 94	2	45	3	25	4	20	5	10
	24091	5001	6	¯¬ºÖ¨¾¨÷		90	92 ~ 95	2	45	3	25	4	20	5	10
	24092	5001	6	¯¬ºÖ¨¾¨÷		91	93 ~ 96	2	45	3	25	4	20	5	10
	24093	5001	6	¯¬ºÖ¨¾¨÷		92	94 ~ 97	2	45	3	25	4	20	5	10
	24094	5001	6	¯¬ºÖ¨¾¨÷		93	95 ~ 98	2	45	3	25	4	20	5	10
	24095	5001	6	¯¬ºÖ¨¾¨÷		94	96 ~ 99	2	45	3	25	4	20	5	10
	24096	5001	6	¯¬ºÖ¨¾¨÷		95	97 ~ 100	2	45	3	25	4	20	5	10
	24097	5001	6	¯¬ºÖ¨¾¨÷		96	98 ~ 101	2	45	3	25	4	20	5	10
	24098	5001	6	¯¬ºÖ¨¾¨÷		97	99 ~ 102	2	45	3	25	4	20	5	10
	24099	5001	6	¯¬ºÖ¨¾¨÷		98	100 ~ 103	2	45	3	25	4	20	5	10
	24100	5001	6	¯¬ºÖ¨¾¨÷		99	101 ~ 104	2	45	3	25	4	20	5	10
	24101	5001	6	¯¬ºÖ¨¾¨÷		100	102 ~ 105	2	45	3	25	4	20	5	10
	24102	5001	6	¯¬ºÖ¨¾¨÷		101	103 ~ 106	2	45	3	25	4	20	5	10
	24103	5001	6	¯¬ºÖ¨¾¨÷		102	104 ~ 107	2	45	3	25	4	20	5	10
	24104	5001	6	¯¬ºÖ¨¾¨÷		103	105 ~ 108	2	45	3	25	4	20	5	10
	24105	5001	6	¯¬ºÖ¨¾¨÷		104	104 ~ 108	2	55	3	25	4	20	0	0
	24106	5001	6	¯¬ºÖ¨¾¨÷		105	105 ~ 108	2	75	3	25	0	0	0	0
	24107	5001	6	¯¬ºÖ¨¾¨÷		106	106 ~ 108	2	100	0	0	0	0	0	0
	24108	5001	6	¯¬ºÖ¨¾¨÷		107	107 ~ 108	1	100	0	0	0	0	0	0
# °Ó«°¥Î¼W¥[±j¤Æ¦¨¥\²v															
	31001	5001	7	¶Àª÷ªZ¨÷		0	1	1	100	0	0	0	0	0	0
	31002	5001	7	¶Àª÷ªZ¨÷		1	2	1	100	0	0	0	0	0	0
	31003	5001	7	¶Àª÷ªZ¨÷		2	3	1	100	0	0	0	0	0	0
	31004	5001	7	¶Àª÷ªZ¨÷		3	4	1	100	0	0	0	0	0	0
	31005	5001	7	¶Àª÷ªZ¨÷		4	5	1	100	0	0	0	0	0	0
	31006	5001	7	¶Àª÷ªZ¨÷		5	6	1	100	0	0	0	0	0	0
	31007	5001	7	¶Àª÷ªZ¨÷		6	7	1	100	0	0	0	0	0	0
	31008	5001	7	¶Àª÷ªZ¨÷		7	8	1	100	0	0	0	0	0	0
	31009	5001	7	¶Àª÷ªZ¨÷		8	9	1	100	0	0	0	0	0	0
	31010	5001	7	¶Àª÷ªZ¨÷		9	10	1	100	0	0	0	0	0	0
	31011	5001	7	¶Àª÷ªZ¨÷		10	11	1	100	0	0	0	0	0	0
	31012	5001	7	¶Àª÷ªZ¨÷		11	12	1	100	0	0	0	0	0	0
	31013	5001	7	¶Àª÷ªZ¨÷		12	13	1	100	0	0	0	0	0	0
	31014	5001	7	¶Àª÷ªZ¨÷		13	14	1	100	0	0	0	0	0	0
	31015	5001	7	¶Àª÷ªZ¨÷		14	15	1	100	0	0	0	0	0	0
	31016	5001	7	¶Àª÷ªZ¨÷		15	16	1	100	0	0	0	0	0	0
	31017	5001	7	¶Àª÷ªZ¨÷		16	17	1	100	0	0	0	0	0	0
	31018	5001	7	¶Àª÷ªZ¨÷		17	18	1	100	0	0	0	0	0	0
	31019	5001	7	¶Àª÷ªZ¨÷		18	19	1	100	0	0	0	0	0	0
	31020	5001	7	¶Àª÷ªZ¨÷		19	20	1	100	0	0	0	0	0	0
	31021	5001	7	¶Àª÷ªZ¨÷		20	21	1	100	0	0	0	0	0	0
	31022	5001	7	¶Àª÷ªZ¨÷		21	22	1	100	0	0	0	0	0	0
	31023	5001	7	¶Àª÷ªZ¨÷		22	23	1	100	0	0	0	0	0	0
	31024	5001	7	¶Àª÷ªZ¨÷		23	24	1	100	0	0	0	0	0	0
	31025	5001	7	¶Àª÷ªZ¨÷		24	25	1	100	0	0	0	0	0	0
	31026	5001	7	¶Àª÷ªZ¨÷		25	26	1	100	0	0	0	0	0	0
	31027	5001	7	¶Àª÷ªZ¨÷		26	27	1	100	0	0	0	0	0	0
	31028	5001	7	¶Àª÷ªZ¨÷		27	28	1	100	0	0	0	0	0	0
	31029	5001	7	¶Àª÷ªZ¨÷		28	29	1	100	0	0	0	0	0	0
	31030	5001	7	¶Àª÷ªZ¨÷		29	30	1	100	0	0	0	0	0	0
	31031	5001	7	¶Àª÷ªZ¨÷		30	31	1	100	0	0	0	0	0	0
	31032	5001	7	¶Àª÷ªZ¨÷		31	32	1	100	0	0	0	0	0	0
	31033	5001	7	¶Àª÷ªZ¨÷		32	33	1	100	0	0	0	0	0	0
	31034	5001	7	¶Àª÷ªZ¨÷		33	34	1	100	0	0	0	0	0	0
	31035	5001	7	¶Àª÷ªZ¨÷		34	35	1	100	0	0	0	0	0	0
	31036	5001	7	¶Àª÷ªZ¨÷		35	36	1	100	0	0	0	0	0	0
	31037	5001	7	¶Àª÷ªZ¨÷		36	37	1	100	0	0	0	0	0	0
	31038	5001	7	¶Àª÷ªZ¨÷		37	38	1	100	0	0	0	0	0	0
	31039	5001	7	¶Àª÷ªZ¨÷		38	39	1	100	0	0	0	0	0	0
	31040	5001	7	¶Àª÷ªZ¨÷		39	40	1	100	0	0	0	0	0	0
	31041	5001	7	¶Àª÷ªZ¨÷		40	41	1	100	0	0	0	0	0	0
	31042	5001	7	¶Àª÷ªZ¨÷		41	42	1	100	0	0	0	0	0	0
	31043	5001	7	¶Àª÷ªZ¨÷		42	43	1	100	0	0	0	0	0	0
	31044	5001	7	¶Àª÷ªZ¨÷		43	44	1	100	0	0	0	0	0	0
	31045	5001	7	¶Àª÷ªZ¨÷		44	45	1	100	0	0	0	0	0	0
	31046	5001	7	¶Àª÷ªZ¨÷		45	46	1	100	0	0	0	0	0	0
	31047	5001	7	¶Àª÷ªZ¨÷		46	47	1	100	0	0	0	0	0	0
	31048	5001	7	¶Àª÷ªZ¨÷		47	48	1	100	0	0	0	0	0	0
	31049	5001	7	¶Àª÷ªZ¨÷		48	49	1	100	0	0	0	0	0	0
	31050	5001	7	¶Àª÷ªZ¨÷		49	50	1	100	0	0	0	0	0	0
	31051	5001	7	¶Àª÷ªZ¨÷		50	51	1	100	0	0	0	0	0	0
	31052	5001	7	¶Àª÷ªZ¨÷		51	52	1	100	0	0	0	0	0	0
	31053	5001	7	¶Àª÷ªZ¨÷		52	53	1	100	0	0	0	0	0	0
	31054	5001	7	¶Àª÷ªZ¨÷		53	54	1	100	0	0	0	0	0	0
	31055	5001	7	¶Àª÷ªZ¨÷		54	55	1	100	0	0	0	0	0	0
	31056	5001	7	¶Àª÷ªZ¨÷		55	56	1	100	0	0	0	0	0	0
	31057	5001	7	¶Àª÷ªZ¨÷		56	57	1	100	0	0	0	0	0	0
	31058	5001	7	¶Àª÷ªZ¨÷		57	58	1	100	0	0	0	0	0	0
	31059	5001	7	¶Àª÷ªZ¨÷		58	59	1	100	0	0	0	0	0	0
	31060	5001	7	¶Àª÷ªZ¨÷		59	60	1	100	0	0	0	0	0	0
	31061	5001	7	¶Àª÷ªZ¨÷		60	61	1	100	0	0	0	0	0	0
	31062	5001	7	¶Àª÷ªZ¨÷		61	62	1	100	0	0	0	0	0	0
	31063	5001	7	¶Àª÷ªZ¨÷		62	63	1	100	0	0	0	0	0	0
	31064	5001	7	¶Àª÷ªZ¨÷		63	64	1	100	0	0	0	0	0	0
	31065	5001	7	¶Àª÷ªZ¨÷		64	65	1	100	0	0	0	0	0	0
	31066	5001	7	¶Àª÷ªZ¨÷		65	66	1	100	0	0	0	0	0	0
	31067	5001	7	¶Àª÷ªZ¨÷		66	67	1	100	0	0	0	0	0	0
	31068	5001	7	¶Àª÷ªZ¨÷		67	68	1	100	0	0	0	0	0	0
	31069	5001	7	¶Àª÷ªZ¨÷		68	69	1	100	0	0	0	0	0	0
	31070	5001	7	¶Àª÷ªZ¨÷		69	70	1	100	0	0	0	0	0	0
	31071	5001	7	¶Àª÷ªZ¨÷		70	71	1	100	0	0	0	0	0	0
	31072	5001	7	¶Àª÷ªZ¨÷		71	72	1	100	0	0	0	0	0	0
	31073	5001	7	¶Àª÷ªZ¨÷		72	73	1	100	0	0	0	0	0	0
	31074	5001	7	¶Àª÷ªZ¨÷		73	74	1	100	0	0	0	0	0	0
	31075	5001	7	¶Àª÷ªZ¨÷		74	75	1	100	0	0	0	0	0	0
	31076	5001	7	¶Àª÷ªZ¨÷		75	76	1	100	0	0	0	0	0	0
	31077	5001	7	¶Àª÷ªZ¨÷		76	77	1	100	0	0	0	0	0	0
	31078	5001	7	¶Àª÷ªZ¨÷		77	78	1	100	0	0	0	0	0	0
	31079	5001	7	¶Àª÷ªZ¨÷		78	79	1	100	0	0	0	0	0	0
	31080	5001	7	¶Àª÷ªZ¨÷		79	80	1	100	0	0	0	0	0	0
	31081	5001	7	¶Àª÷ªZ¨÷		80	81	1	100	0	0	0	0	0	0
	31082	5001	7	¶Àª÷ªZ¨÷		81	82	1	100	0	0	0	0	0	0
	31083	5001	7	¶Àª÷ªZ¨÷		82	83	1	100	0	0	0	0	0	0
	31084	5001	7	¶Àª÷ªZ¨÷		83	84	1	100	0	0	0	0	0	0
	31085	5001	7	¶Àª÷ªZ¨÷		84	85	1	100	0	0	0	0	0	0
	31086	5001	7	¶Àª÷ªZ¨÷		85	86	1	100	0	0	0	0	0	0
	31087	5001	7	¶Àª÷ªZ¨÷		86	87	1	100	0	0	0	0	0	0
	31088	5001	7	¶Àª÷ªZ¨÷		87	88	1	100	0	0	0	0	0	0
	31089	5001	7	¶Àª÷ªZ¨÷		88	89	1	100	0	0	0	0	0	0
	31090	5001	7	¶Àª÷ªZ¨÷		89	90	1	100	0	0	0	0	0	0
	31091	5001	7	¶Àª÷ªZ¨÷		90	91	1	100	0	0	0	0	0	0
	31092	5001	7	¶Àª÷ªZ¨÷		91	92	1	100	0	0	0	0	0	0
	31093	5001	7	¶Àª÷ªZ¨÷		92	93	1	100	0	0	0	0	0	0
	31094	5001	7	¶Àª÷ªZ¨÷		93	94	1	100	0	0	0	0	0	0
	31095	5001	7	¶Àª÷ªZ¨÷		94	95	1	100	0	0	0	0	0	0
	31096	5001	7	¶Àª÷ªZ¨÷		95	96	1	100	0	0	0	0	0	0
	31097	5001	7	¶Àª÷ªZ¨÷		96	97	1	100	0	0	0	0	0	0
	31098	5001	7	¶Àª÷ªZ¨÷		97	98	1	100	0	0	0	0	0	0
	31099	5001	7	¶Àª÷ªZ¨÷		98	99	1	100	0	0	0	0	0	0
	31100	5001	7	¶Àª÷ªZ¨÷		99	100	1	100	0	0	0	0	0	0
	31101	5001	7	¶Àª÷ªZ¨÷		100	101	1	100	0	0	0	0	0	0
	31102	5001	7	¶Àª÷ªZ¨÷		101	102	1	100	0	0	0	0	0	0
	31103	5001	7	¶Àª÷ªZ¨÷		102	103	1	100	0	0	0	0	0	0
	31104	5001	7	¶Àª÷ªZ¨÷		103	104	1	100	0	0	0	0	0	0
	31105	5001	7	¶Àª÷ªZ¨÷		104	105	1	100	0	0	0	0	0	0
	31106	5001	7	¶Àª÷ªZ¨÷		105	106	1	100	0	0	0	0	0	0
	31107	5001	7	¶Àª÷ªZ¨÷		106	107	1	100	0	0	0	0	0	0
	31108	5001	7	¶Àª÷ªZ¨÷		107	108	1	100	0	0	0	0	0	0
	32001	5001	8	¶Àª÷¨¾¨÷		0	1	1	100	0	0	0	0	0	0
	32002	5001	8	¶Àª÷¨¾¨÷		1	2	1	100	0	0	0	0	0	0
	32003	5001	8	¶Àª÷¨¾¨÷		2	3	1	100	0	0	0	0	0	0
	32004	5001	8	¶Àª÷¨¾¨÷		3	4	1	100	0	0	0	0	0	0
	32005	5001	8	¶Àª÷¨¾¨÷		4	5	1	100	0	0	0	0	0	0
	32006	5001	8	¶Àª÷¨¾¨÷		5	6	1	100	0	0	0	0	0	0
	32007	5001	8	¶Àª÷¨¾¨÷		6	7	1	100	0	0	0	0	0	0
	32008	5001	8	¶Àª÷¨¾¨÷		7	8	1	100	0	0	0	0	0	0
	32009	5001	8	¶Àª÷¨¾¨÷		8	9	1	100	0	0	0	0	0	0
	32010	5001	8	¶Àª÷¨¾¨÷		9	10	1	100	0	0	0	0	0	0
	32011	5001	8	¶Àª÷¨¾¨÷		10	11	1	100	0	0	0	0	0	0
	32012	5001	8	¶Àª÷¨¾¨÷		11	12	1	100	0	0	0	0	0	0
	32013	5001	8	¶Àª÷¨¾¨÷		12	13	1	100	0	0	0	0	0	0
	32014	5001	8	¶Àª÷¨¾¨÷		13	14	1	100	0	0	0	0	0	0
	32015	5001	8	¶Àª÷¨¾¨÷		14	15	1	100	0	0	0	0	0	0
	32016	5001	8	¶Àª÷¨¾¨÷		15	16	1	100	0	0	0	0	0	0
	32017	5001	8	¶Àª÷¨¾¨÷		16	17	1	100	0	0	0	0	0	0
	32018	5001	8	¶Àª÷¨¾¨÷		17	18	1	100	0	0	0	0	0	0
	32019	5001	8	¶Àª÷¨¾¨÷		18	19	1	100	0	0	0	0	0	0
	32020	5001	8	¶Àª÷¨¾¨÷		19	20	1	100	0	0	0	0	0	0
	32021	5001	8	¶Àª÷¨¾¨÷		20	21	1	100	0	0	0	0	0	0
	32022	5001	8	¶Àª÷¨¾¨÷		21	22	1	100	0	0	0	0	0	0
	32023	5001	8	¶Àª÷¨¾¨÷		22	23	1	100	0	0	0	0	0	0
	32024	5001	8	¶Àª÷¨¾¨÷		23	24	1	100	0	0	0	0	0	0
	32025	5001	8	¶Àª÷¨¾¨÷		24	25	1	100	0	0	0	0	0	0
	32026	5001	8	¶Àª÷¨¾¨÷		25	26	1	100	0	0	0	0	0	0
	32027	5001	8	¶Àª÷¨¾¨÷		26	27	1	100	0	0	0	0	0	0
	32028	5001	8	¶Àª÷¨¾¨÷		27	28	1	100	0	0	0	0	0	0
	32029	5001	8	¶Àª÷¨¾¨÷		28	29	1	100	0	0	0	0	0	0
	32030	5001	8	¶Àª÷¨¾¨÷		29	30	1	100	0	0	0	0	0	0
	32031	5001	8	¶Àª÷¨¾¨÷		30	31	1	100	0	0	0	0	0	0
	32032	5001	8	¶Àª÷¨¾¨÷		31	32	1	100	0	0	0	0	0	0
	32033	5001	8	¶Àª÷¨¾¨÷		32	33	1	100	0	0	0	0	0	0
	32034	5001	8	¶Àª÷¨¾¨÷		33	34	1	100	0	0	0	0	0	0
	32035	5001	8	¶Àª÷¨¾¨÷		34	35	1	100	0	0	0	0	0	0
	32036	5001	8	¶Àª÷¨¾¨÷		35	36	1	100	0	0	0	0	0	0
	32037	5001	8	¶Àª÷¨¾¨÷		36	37	1	100	0	0	0	0	0	0
	32038	5001	8	¶Àª÷¨¾¨÷		37	38	1	100	0	0	0	0	0	0
	32039	5001	8	¶Àª÷¨¾¨÷		38	39	1	100	0	0	0	0	0	0
	32040	5001	8	¶Àª÷¨¾¨÷		39	40	1	100	0	0	0	0	0	0
	32041	5001	8	¶Àª÷¨¾¨÷		40	41	1	100	0	0	0	0	0	0
	32042	5001	8	¶Àª÷¨¾¨÷		41	42	1	100	0	0	0	0	0	0
	32043	5001	8	¶Àª÷¨¾¨÷		42	43	1	100	0	0	0	0	0	0
	32044	5001	8	¶Àª÷¨¾¨÷		43	44	1	100	0	0	0	0	0	0
	32045	5001	8	¶Àª÷¨¾¨÷		44	45	1	100	0	0	0	0	0	0
	32046	5001	8	¶Àª÷¨¾¨÷		45	46	1	100	0	0	0	0	0	0
	32047	5001	8	¶Àª÷¨¾¨÷		46	47	1	100	0	0	0	0	0	0
	32048	5001	8	¶Àª÷¨¾¨÷		47	48	1	100	0	0	0	0	0	0
	32049	5001	8	¶Àª÷¨¾¨÷		48	49	1	100	0	0	0	0	0	0
	32050	5001	8	¶Àª÷¨¾¨÷		49	50	1	100	0	0	0	0	0	0
	32051	5001	8	¶Àª÷¨¾¨÷		50	51	1	100	0	0	0	0	0	0
	32052	5001	8	¶Àª÷¨¾¨÷		51	52	1	100	0	0	0	0	0	0
	32053	5001	8	¶Àª÷¨¾¨÷		52	53	1	100	0	0	0	0	0	0
	32054	5001	8	¶Àª÷¨¾¨÷		53	54	1	100	0	0	0	0	0	0
	32055	5001	8	¶Àª÷¨¾¨÷		54	55	1	100	0	0	0	0	0	0
	32056	5001	8	¶Àª÷¨¾¨÷		55	56	1	100	0	0	0	0	0	0
	32057	5001	8	¶Àª÷¨¾¨÷		56	57	1	100	0	0	0	0	0	0
	32058	5001	8	¶Àª÷¨¾¨÷		57	58	1	100	0	0	0	0	0	0
	32059	5001	8	¶Àª÷¨¾¨÷		58	59	1	100	0	0	0	0	0	0
	32060	5001	8	¶Àª÷¨¾¨÷		59	60	1	100	0	0	0	0	0	0
	32061	5001	8	¶Àª÷¨¾¨÷		60	61	1	100	0	0	0	0	0	0
	32062	5001	8	¶Àª÷¨¾¨÷		61	62	1	100	0	0	0	0	0	0
	32063	5001	8	¶Àª÷¨¾¨÷		62	63	1	100	0	0	0	0	0	0
	32064	5001	8	¶Àª÷¨¾¨÷		63	64	1	100	0	0	0	0	0	0
	32065	5001	8	¶Àª÷¨¾¨÷		64	65	1	100	0	0	0	0	0	0
	32066	5001	8	¶Àª÷¨¾¨÷		65	66	1	100	0	0	0	0	0	0
	32067	5001	8	¶Àª÷¨¾¨÷		66	67	1	100	0	0	0	0	0	0
	32068	5001	8	¶Àª÷¨¾¨÷		67	68	1	100	0	0	0	0	0	0
	32069	5001	8	¶Àª÷¨¾¨÷		68	69	1	100	0	0	0	0	0	0
	32070	5001	8	¶Àª÷¨¾¨÷		69	70	1	100	0	0	0	0	0	0
	32071	5001	8	¶Àª÷¨¾¨÷		70	71	1	100	0	0	0	0	0	0
	32072	5001	8	¶Àª÷¨¾¨÷		71	72	1	100	0	0	0	0	0	0
	32073	5001	8	¶Àª÷¨¾¨÷		72	73	1	100	0	0	0	0	0	0
	32074	5001	8	¶Àª÷¨¾¨÷		73	74	1	100	0	0	0	0	0	0
	32075	5001	8	¶Àª÷¨¾¨÷		74	75	1	100	0	0	0	0	0	0
	32076	5001	8	¶Àª÷¨¾¨÷		75	76	1	100	0	0	0	0	0	0
	32077	5001	8	¶Àª÷¨¾¨÷		76	77	1	100	0	0	0	0	0	0
	32078	5001	8	¶Àª÷¨¾¨÷		77	78	1	100	0	0	0	0	0	0
	32079	5001	8	¶Àª÷¨¾¨÷		78	79	1	100	0	0	0	0	0	0
	32080	5001	8	¶Àª÷¨¾¨÷		79	80	1	100	0	0	0	0	0	0
	32081	5001	8	¶Àª÷¨¾¨÷		80	81	1	100	0	0	0	0	0	0
	32082	5001	8	¶Àª÷¨¾¨÷		81	82	1	100	0	0	0	0	0	0
	32083	5001	8	¶Àª÷¨¾¨÷		82	83	1	100	0	0	0	0	0	0
	32084	5001	8	¶Àª÷¨¾¨÷		83	84	1	100	0	0	0	0	0	0
	32085	5001	8	¶Àª÷¨¾¨÷		84	85	1	100	0	0	0	0	0	0
	32086	5001	8	¶Àª÷¨¾¨÷		85	86	1	100	0	0	0	0	0	0
	32087	5001	8	¶Àª÷¨¾¨÷		86	87	1	100	0	0	0	0	0	0
	32088	5001	8	¶Àª÷¨¾¨÷		87	88	1	100	0	0	0	0	0	0
	32089	5001	8	¶Àª÷¨¾¨÷		88	89	1	100	0	0	0	0	0	0
	32090	5001	8	¶Àª÷¨¾¨÷		89	90	1	100	0	0	0	0	0	0
	32091	5001	8	¶Àª÷¨¾¨÷		90	91	1	100	0	0	0	0	0	0
	32092	5001	8	¶Àª÷¨¾¨÷		91	92	1	100	0	0	0	0	0	0
	32093	5001	8	¶Àª÷¨¾¨÷		92	93	1	100	0	0	0	0	0	0
	32094	5001	8	¶Àª÷¨¾¨÷		93	94	1	100	0	0	0	0	0	0
	32095	5001	8	¶Àª÷¨¾¨÷		94	95	1	100	0	0	0	0	0	0
	32096	5001	8	¶Àª÷¨¾¨÷		95	96	1	100	0	0	0	0	0	0
	32097	5001	8	¶Àª÷¨¾¨÷		96	97	1	100	0	0	0	0	0	0
	32098	5001	8	¶Àª÷¨¾¨÷		97	98	1	100	0	0	0	0	0	0
	32099	5001	8	¶Àª÷¨¾¨÷		98	99	1	100	0	0	0	0	0	0
	32100	5001	8	¶Àª÷¨¾¨÷		99	100	1	100	0	0	0	0	0	0
	32101	5001	8	¶Àª÷¨¾¨÷		100	101	1	100	0	0	0	0	0	0
	32102	5001	8	¶Àª÷¨¾¨÷		101	102	1	100	0	0	0	0	0	0
	32103	5001	8	¶Àª÷¨¾¨÷		102	103	1	100	0	0	0	0	0	0
	32104	5001	8	¶Àª÷¨¾¨÷		103	104	1	100	0	0	0	0	0	0
	32105	5001	8	¶Àª÷¨¾¨÷		104	105	1	100	0	0	0	0	0	0
	32106	5001	8	¶Àª÷¨¾¨÷		105	106	1	100	0	0	0	0	0	0
	32107	5001	8	¶Àª÷¨¾¨÷		106	107	1	100	0	0	0	0	0	0
	32108	5001	8	¶Àª÷¨¾¨÷		107	108	1	100	0	0	0	0	0	0
	33001	5001	9	¶Àª÷¯¬ºÖªZ¨÷		0	2 ~ 5	2	45	3	25	4	20	5	10
	33002	5001	9	¶Àª÷¯¬ºÖªZ¨÷		1	3 ~ 6	2	45	3	25	4	20	5	10
	33003	5001	9	¶Àª÷¯¬ºÖªZ¨÷		2	4 ~ 7	2	45	3	25	4	20	5	10
	33004	5001	9	¶Àª÷¯¬ºÖªZ¨÷		3	5 ~ 8	2	45	3	25	4	20	5	10
	33005	5001	9	¶Àª÷¯¬ºÖªZ¨÷		4	6 ~ 9	2	45	3	25	4	20	5	10
	33006	5001	9	¶Àª÷¯¬ºÖªZ¨÷		5	7 ~ 10	2	45	3	25	4	20	5	10
	33007	5001	9	¶Àª÷¯¬ºÖªZ¨÷		6	8 ~ 11	2	45	3	25	4	20	5	10
	33008	5001	9	¶Àª÷¯¬ºÖªZ¨÷		7	9 ~ 12	2	45	3	25	4	20	5	10
	33009	5001	9	¶Àª÷¯¬ºÖªZ¨÷		8	10 ~ 13	2	45	3	25	4	20	5	10
	33010	5001	9	¶Àª÷¯¬ºÖªZ¨÷		9	11 ~ 14	2	45	3	25	4	20	5	10
	33011	5001	9	¶Àª÷¯¬ºÖªZ¨÷		10	12 ~ 15	2	45	3	25	4	20	5	10
	33012	5001	9	¶Àª÷¯¬ºÖªZ¨÷		11	13 ~ 16	2	45	3	25	4	20	5	10
	33013	5001	9	¶Àª÷¯¬ºÖªZ¨÷		12	14 ~ 17	2	45	3	25	4	20	5	10
	33014	5001	9	¶Àª÷¯¬ºÖªZ¨÷		13	15 ~ 18	2	45	3	25	4	20	5	10
	33015	5001	9	¶Àª÷¯¬ºÖªZ¨÷		14	16 ~ 19	2	45	3	25	4	20	5	10
	33016	5001	9	¶Àª÷¯¬ºÖªZ¨÷		15	17 ~ 20	2	45	3	25	4	20	5	10
	33017	5001	9	¶Àª÷¯¬ºÖªZ¨÷		16	18 ~ 21	2	45	3	25	4	20	5	10
	33018	5001	9	¶Àª÷¯¬ºÖªZ¨÷		17	19 ~ 22	2	45	3	25	4	20	5	10
	33019	5001	9	¶Àª÷¯¬ºÖªZ¨÷		18	20 ~ 23	2	45	3	25	4	20	5	10
	33020	5001	9	¶Àª÷¯¬ºÖªZ¨÷		19	21 ~ 24	2	45	3	25	4	20	5	10
	33021	5001	9	¶Àª÷¯¬ºÖªZ¨÷		20	22 ~ 25	2	45	3	25	4	20	5	10
	33022	5001	9	¶Àª÷¯¬ºÖªZ¨÷		21	23 ~ 26	2	45	3	25	4	20	5	10
	33023	5001	9	¶Àª÷¯¬ºÖªZ¨÷		22	24 ~ 27	2	45	3	25	4	20	5	10
	33024	5001	9	¶Àª÷¯¬ºÖªZ¨÷		23	25 ~ 28	2	45	3	25	4	20	5	10
	33025	5001	9	¶Àª÷¯¬ºÖªZ¨÷		24	26 ~ 29	2	45	3	25	4	20	5	10
	33026	5001	9	¶Àª÷¯¬ºÖªZ¨÷		25	27 ~ 30	2	45	3	25	4	20	5	10
	33027	5001	9	¶Àª÷¯¬ºÖªZ¨÷		26	28 ~ 31	2	45	3	25	4	20	5	10
	33028	5001	9	¶Àª÷¯¬ºÖªZ¨÷		27	29 ~ 32	2	45	3	25	4	20	5	10
	33029	5001	9	¶Àª÷¯¬ºÖªZ¨÷		28	30 ~ 33	2	45	3	25	4	20	5	10
	33030	5001	9	¶Àª÷¯¬ºÖªZ¨÷		29	31 ~ 34	2	45	3	25	4	20	5	10
	33031	5001	9	¶Àª÷¯¬ºÖªZ¨÷		30	32 ~ 35	2	45	3	25	4	20	5	10
	33032	5001	9	¶Àª÷¯¬ºÖªZ¨÷		31	33 ~ 36	2	45	3	25	4	20	5	10
	33033	5001	9	¶Àª÷¯¬ºÖªZ¨÷		32	34 ~ 37	2	45	3	25	4	20	5	10
	33034	5001	9	¶Àª÷¯¬ºÖªZ¨÷		33	35 ~ 38	2	45	3	25	4	20	5	10
	33035	5001	9	¶Àª÷¯¬ºÖªZ¨÷		34	36 ~ 39	2	45	3	25	4	20	5	10
	33036	5001	9	¶Àª÷¯¬ºÖªZ¨÷		35	37 ~ 40	2	45	3	25	4	20	5	10
	33037	5001	9	¶Àª÷¯¬ºÖªZ¨÷		36	38 ~ 41	2	45	3	25	4	20	5	10
	33038	5001	9	¶Àª÷¯¬ºÖªZ¨÷		37	39 ~ 42	2	45	3	25	4	20	5	10
	33039	5001	9	¶Àª÷¯¬ºÖªZ¨÷		38	40 ~ 43	2	45	3	25	4	20	5	10
	33040	5001	9	¶Àª÷¯¬ºÖªZ¨÷		39	41 ~ 44	2	45	3	25	4	20	5	10
	33041	5001	9	¶Àª÷¯¬ºÖªZ¨÷		40	42 ~ 45	2	45	3	25	4	20	5	10
	33042	5001	9	¶Àª÷¯¬ºÖªZ¨÷		41	43 ~ 46	2	45	3	25	4	20	5	10
	33043	5001	9	¶Àª÷¯¬ºÖªZ¨÷		42	44 ~ 47	2	45	3	25	4	20	5	10
	33044	5001	9	¶Àª÷¯¬ºÖªZ¨÷		43	45 ~ 48	2	45	3	25	4	20	5	10
	33045	5001	9	¶Àª÷¯¬ºÖªZ¨÷		44	46 ~ 49	2	45	3	25	4	20	5	10
	33046	5001	9	¶Àª÷¯¬ºÖªZ¨÷		45	47 ~ 50	2	45	3	25	4	20	5	10
	33047	5001	9	¶Àª÷¯¬ºÖªZ¨÷		46	48 ~ 51	2	45	3	25	4	20	5	10
	33048	5001	9	¶Àª÷¯¬ºÖªZ¨÷		47	49 ~ 52	2	45	3	25	4	20	5	10
	33049	5001	9	¶Àª÷¯¬ºÖªZ¨÷		48	50 ~ 53	2	45	3	25	4	20	5	10
	33050	5001	9	¶Àª÷¯¬ºÖªZ¨÷		49	51 ~ 54	2	45	3	25	4	20	5	10
	33051	5001	9	¶Àª÷¯¬ºÖªZ¨÷		50	52 ~ 55	2	45	3	25	4	20	5	10
	33052	5001	9	¶Àª÷¯¬ºÖªZ¨÷		51	53 ~ 56	2	45	3	25	4	20	5	10
	33053	5001	9	¶Àª÷¯¬ºÖªZ¨÷		52	54 ~ 57	2	45	3	25	4	20	5	10
	33054	5001	9	¶Àª÷¯¬ºÖªZ¨÷		53	55 ~ 58	2	45	3	25	4	20	5	10
	33055	5001	9	¶Àª÷¯¬ºÖªZ¨÷		54	56 ~ 59	2	45	3	25	4	20	5	10
	33056	5001	9	¶Àª÷¯¬ºÖªZ¨÷		55	57 ~ 60	2	45	3	25	4	20	5	10
	33057	5001	9	¶Àª÷¯¬ºÖªZ¨÷		56	58 ~ 61	2	45	3	25	4	20	5	10
	33058	5001	9	¶Àª÷¯¬ºÖªZ¨÷		57	59 ~ 62	2	45	3	25	4	20	5	10
	33059	5001	9	¶Àª÷¯¬ºÖªZ¨÷		58	60 ~ 63	2	45	3	25	4	20	5	10
	33060	5001	9	¶Àª÷¯¬ºÖªZ¨÷		59	61 ~ 64	2	45	3	25	4	20	5	10
	33061	5001	9	¶Àª÷¯¬ºÖªZ¨÷		60	62 ~ 65	2	45	3	25	4	20	5	10
	33062	5001	9	¶Àª÷¯¬ºÖªZ¨÷		61	63 ~ 66	2	45	3	25	4	20	5	10
	33063	5001	9	¶Àª÷¯¬ºÖªZ¨÷		62	64 ~ 67	2	45	3	25	4	20	5	10
	33064	5001	9	¶Àª÷¯¬ºÖªZ¨÷		63	65 ~ 68	2	45	3	25	4	20	5	10
	33065	5001	9	¶Àª÷¯¬ºÖªZ¨÷		64	66 ~ 69	2	45	3	25	4	20	5	10
	33066	5001	9	¶Àª÷¯¬ºÖªZ¨÷		65	67 ~ 70	2	45	3	25	4	20	5	10
	33067	5001	9	¶Àª÷¯¬ºÖªZ¨÷		66	68 ~ 71	2	45	3	25	4	20	5	10
	33068	5001	9	¶Àª÷¯¬ºÖªZ¨÷		67	69 ~ 72	2	45	3	25	4	20	5	10
	33069	5001	9	¶Àª÷¯¬ºÖªZ¨÷		68	70 ~ 73	2	45	3	25	4	20	5	10
	33070	5001	9	¶Àª÷¯¬ºÖªZ¨÷		69	71 ~ 74	2	45	3	25	4	20	5	10
	33071	5001	9	¶Àª÷¯¬ºÖªZ¨÷		70	72 ~ 75	2	45	3	25	4	20	5	10
	33072	5001	9	¶Àª÷¯¬ºÖªZ¨÷		71	73 ~ 76	2	45	3	25	4	20	5	10
	33073	5001	9	¶Àª÷¯¬ºÖªZ¨÷		72	74 ~ 77	2	45	3	25	4	20	5	10
	33074	5001	9	¶Àª÷¯¬ºÖªZ¨÷		73	75 ~ 78	2	45	3	25	4	20	5	10
	33075	5001	9	¶Àª÷¯¬ºÖªZ¨÷		74	76 ~ 79	2	45	3	25	4	20	5	10
	33076	5001	9	¶Àª÷¯¬ºÖªZ¨÷		75	77 ~ 80	2	45	3	25	4	20	5	10
	33077	5001	9	¶Àª÷¯¬ºÖªZ¨÷		76	78 ~ 81	2	45	3	25	4	20	5	10
	33078	5001	9	¶Àª÷¯¬ºÖªZ¨÷		77	79 ~ 82	2	45	3	25	4	20	5	10
	33079	5001	9	¶Àª÷¯¬ºÖªZ¨÷		78	80 ~ 83	2	45	3	25	4	20	5	10
	33080	5001	9	¶Àª÷¯¬ºÖªZ¨÷		79	81 ~ 84	2	45	3	25	4	20	5	10
	33081	5001	9	¶Àª÷¯¬ºÖªZ¨÷		80	82 ~ 85	2	45	3	25	4	20	5	10
	33082	5001	9	¶Àª÷¯¬ºÖªZ¨÷		81	83 ~ 86	2	45	3	25	4	20	5	10
	33083	5001	9	¶Àª÷¯¬ºÖªZ¨÷		82	84 ~ 87	2	45	3	25	4	20	5	10
	33084	5001	9	¶Àª÷¯¬ºÖªZ¨÷		83	85 ~ 88	2	45	3	25	4	20	5	10
	33085	5001	9	¶Àª÷¯¬ºÖªZ¨÷		84	86 ~ 89	2	45	3	25	4	20	5	10
	33086	5001	9	¶Àª÷¯¬ºÖªZ¨÷		85	87 ~ 90	2	45	3	25	4	20	5	10
	33087	5001	9	¶Àª÷¯¬ºÖªZ¨÷		86	88 ~ 91	2	45	3	25	4	20	5	10
	33088	5001	9	¶Àª÷¯¬ºÖªZ¨÷		87	89 ~ 92	2	45	3	25	4	20	5	10
	33089	5001	9	¶Àª÷¯¬ºÖªZ¨÷		88	90 ~ 93	2	45	3	25	4	20	5	10
	33090	5001	9	¶Àª÷¯¬ºÖªZ¨÷		89	91 ~ 94	2	45	3	25	4	20	5	10
	33091	5001	9	¶Àª÷¯¬ºÖªZ¨÷		90	92 ~ 95	2	45	3	25	4	20	5	10
	33092	5001	9	¶Àª÷¯¬ºÖªZ¨÷		91	93 ~ 96	2	45	3	25	4	20	5	10
	33093	5001	9	¶Àª÷¯¬ºÖªZ¨÷		92	94 ~ 97	2	45	3	25	4	20	5	10
	33094	5001	9	¶Àª÷¯¬ºÖªZ¨÷		93	95 ~ 98	2	45	3	25	4	20	5	10
	33095	5001	9	¶Àª÷¯¬ºÖªZ¨÷		94	96 ~ 99	2	45	3	25	4	20	5	10
	33096	5001	9	¶Àª÷¯¬ºÖªZ¨÷		95	97 ~ 100	2	45	3	25	4	20	5	10
	33097	5001	9	¶Àª÷¯¬ºÖªZ¨÷		96	98 ~ 101	2	45	3	25	4	20	5	10
	33098	5001	9	¶Àª÷¯¬ºÖªZ¨÷		97	99 ~ 102	2	45	3	25	4	20	5	10
	33099	5001	9	¶Àª÷¯¬ºÖªZ¨÷		98	100 ~ 103	2	45	3	25	4	20	5	10
	33100	5001	9	¶Àª÷¯¬ºÖªZ¨÷		99	101 ~ 104	2	45	3	25	4	20	5	10
	33101	5001	9	¶Àª÷¯¬ºÖªZ¨÷		100	102 ~ 105	2	45	3	25	4	20	5	10
	33102	5001	9	¶Àª÷¯¬ºÖªZ¨÷		101	103 ~ 106	2	45	3	25	4	20	5	10
	33103	5001	9	¶Àª÷¯¬ºÖªZ¨÷		102	104 ~ 107	2	45	3	25	4	20	5	10
	33104	5001	9	¶Àª÷¯¬ºÖªZ¨÷		103	105 ~ 108	2	45	3	25	4	20	5	10
	33105	5001	9	¶Àª÷¯¬ºÖªZ¨÷		104	104 ~ 108	2	55	3	25	4	20	0	0
	33106	5001	9	¶Àª÷¯¬ºÖªZ¨÷		105	105 ~ 108	2	75	3	25	0	0	0	0
	33107	5001	9	¶Àª÷¯¬ºÖªZ¨÷		106	106 ~ 108	2	100	0	0	0	0	0	0
	33108	5001	9	¶Àª÷¯¬ºÖªZ¨÷		107	107 ~ 108	1	100	0	0	0	0	0	0
	34001	5001	10	¶Àª÷¯¬ºÖ¨¾¨÷		0	2 ~ 5	2	45	3	25	4	20	5	10
	34002	5001	10	¶Àª÷¯¬ºÖ¨¾¨÷		1	3 ~ 6	2	45	3	25	4	20	5	10
	34003	5001	10	¶Àª÷¯¬ºÖ¨¾¨÷		2	4 ~ 7	2	45	3	25	4	20	5	10
	34004	5001	10	¶Àª÷¯¬ºÖ¨¾¨÷		3	5 ~ 8	2	45	3	25	4	20	5	10
	34005	5001	10	¶Àª÷¯¬ºÖ¨¾¨÷		4	6 ~ 9	2	45	3	25	4	20	5	10
	34006	5001	10	¶Àª÷¯¬ºÖ¨¾¨÷		5	7 ~ 10	2	45	3	25	4	20	5	10
	34007	5001	10	¶Àª÷¯¬ºÖ¨¾¨÷		6	8 ~ 11	2	45	3	25	4	20	5	10
	34008	5001	10	¶Àª÷¯¬ºÖ¨¾¨÷		7	9 ~ 12	2	45	3	25	4	20	5	10
	34009	5001	10	¶Àª÷¯¬ºÖ¨¾¨÷		8	10 ~ 13	2	45	3	25	4	20	5	10
	34010	5001	10	¶Àª÷¯¬ºÖ¨¾¨÷		9	11 ~ 14	2	45	3	25	4	20	5	10
	34011	5001	10	¶Àª÷¯¬ºÖ¨¾¨÷		10	12 ~ 15	2	45	3	25	4	20	5	10
	34012	5001	10	¶Àª÷¯¬ºÖ¨¾¨÷		11	13 ~ 16	2	45	3	25	4	20	5	10
	34013	5001	10	¶Àª÷¯¬ºÖ¨¾¨÷		12	14 ~ 17	2	45	3	25	4	20	5	10
	34014	5001	10	¶Àª÷¯¬ºÖ¨¾¨÷		13	15 ~ 18	2	45	3	25	4	20	5	10
	34015	5001	10	¶Àª÷¯¬ºÖ¨¾¨÷		14	16 ~ 19	2	45	3	25	4	20	5	10
	34016	5001	10	¶Àª÷¯¬ºÖ¨¾¨÷		15	17 ~ 20	2	45	3	25	4	20	5	10
	34017	5001	10	¶Àª÷¯¬ºÖ¨¾¨÷		16	18 ~ 21	2	45	3	25	4	20	5	10
	34018	5001	10	¶Àª÷¯¬ºÖ¨¾¨÷		17	19 ~ 22	2	45	3	25	4	20	5	10
	34019	5001	10	¶Àª÷¯¬ºÖ¨¾¨÷		18	20 ~ 23	2	45	3	25	4	20	5	10
	34020	5001	10	¶Àª÷¯¬ºÖ¨¾¨÷		19	21 ~ 24	2	45	3	25	4	20	5	10
	34021	5001	10	¶Àª÷¯¬ºÖ¨¾¨÷		20	22 ~ 25	2	45	3	25	4	20	5	10
	34022	5001	10	¶Àª÷¯¬ºÖ¨¾¨÷		21	23 ~ 26	2	45	3	25	4	20	5	10
	34023	5001	10	¶Àª÷¯¬ºÖ¨¾¨÷		22	24 ~ 27	2	45	3	25	4	20	5	10
	34024	5001	10	¶Àª÷¯¬ºÖ¨¾¨÷		23	25 ~ 28	2	45	3	25	4	20	5	10
	34025	5001	10	¶Àª÷¯¬ºÖ¨¾¨÷		24	26 ~ 29	2	45	3	25	4	20	5	10
	34026	5001	10	¶Àª÷¯¬ºÖ¨¾¨÷		25	27 ~ 30	2	45	3	25	4	20	5	10
	34027	5001	10	¶Àª÷¯¬ºÖ¨¾¨÷		26	28 ~ 31	2	45	3	25	4	20	5	10
	34028	5001	10	¶Àª÷¯¬ºÖ¨¾¨÷		27	29 ~ 32	2	45	3	25	4	20	5	10
	34029	5001	10	¶Àª÷¯¬ºÖ¨¾¨÷		28	30 ~ 33	2	45	3	25	4	20	5	10
	34030	5001	10	¶Àª÷¯¬ºÖ¨¾¨÷		29	31 ~ 34	2	45	3	25	4	20	5	10
	34031	5001	10	¶Àª÷¯¬ºÖ¨¾¨÷		30	32 ~ 35	2	45	3	25	4	20	5	10
	34032	5001	10	¶Àª÷¯¬ºÖ¨¾¨÷		31	33 ~ 36	2	45	3	25	4	20	5	10
	34033	5001	10	¶Àª÷¯¬ºÖ¨¾¨÷		32	34 ~ 37	2	45	3	25	4	20	5	10
	34034	5001	10	¶Àª÷¯¬ºÖ¨¾¨÷		33	35 ~ 38	2	45	3	25	4	20	5	10
	34035	5001	10	¶Àª÷¯¬ºÖ¨¾¨÷		34	36 ~ 39	2	45	3	25	4	20	5	10
	34036	5001	10	¶Àª÷¯¬ºÖ¨¾¨÷		35	37 ~ 40	2	45	3	25	4	20	5	10
	34037	5001	10	¶Àª÷¯¬ºÖ¨¾¨÷		36	38 ~ 41	2	45	3	25	4	20	5	10
	34038	5001	10	¶Àª÷¯¬ºÖ¨¾¨÷		37	39 ~ 42	2	45	3	25	4	20	5	10
	34039	5001	10	¶Àª÷¯¬ºÖ¨¾¨÷		38	40 ~ 43	2	45	3	25	4	20	5	10
	34040	5001	10	¶Àª÷¯¬ºÖ¨¾¨÷		39	41 ~ 44	2	45	3	25	4	20	5	10
	34041	5001	10	¶Àª÷¯¬ºÖ¨¾¨÷		40	42 ~ 45	2	45	3	25	4	20	5	10
	34042	5001	10	¶Àª÷¯¬ºÖ¨¾¨÷		41	43 ~ 46	2	45	3	25	4	20	5	10
	34043	5001	10	¶Àª÷¯¬ºÖ¨¾¨÷		42	44 ~ 47	2	45	3	25	4	20	5	10
	34044	5001	10	¶Àª÷¯¬ºÖ¨¾¨÷		43	45 ~ 48	2	45	3	25	4	20	5	10
	34045	5001	10	¶Àª÷¯¬ºÖ¨¾¨÷		44	46 ~ 49	2	45	3	25	4	20	5	10
	34046	5001	10	¶Àª÷¯¬ºÖ¨¾¨÷		45	47 ~ 50	2	45	3	25	4	20	5	10
	34047	5001	10	¶Àª÷¯¬ºÖ¨¾¨÷		46	48 ~ 51	2	45	3	25	4	20	5	10
	34048	5001	10	¶Àª÷¯¬ºÖ¨¾¨÷		47	49 ~ 52	2	45	3	25	4	20	5	10
	34049	5001	10	¶Àª÷¯¬ºÖ¨¾¨÷		48	50 ~ 53	2	45	3	25	4	20	5	10
	34050	5001	10	¶Àª÷¯¬ºÖ¨¾¨÷		49	51 ~ 54	2	45	3	25	4	20	5	10
	34051	5001	10	¶Àª÷¯¬ºÖ¨¾¨÷		50	52 ~ 55	2	45	3	25	4	20	5	10
	34052	5001	10	¶Àª÷¯¬ºÖ¨¾¨÷		51	53 ~ 56	2	45	3	25	4	20	5	10
	34053	5001	10	¶Àª÷¯¬ºÖ¨¾¨÷		52	54 ~ 57	2	45	3	25	4	20	5	10
	34054	5001	10	¶Àª÷¯¬ºÖ¨¾¨÷		53	55 ~ 58	2	45	3	25	4	20	5	10
	34055	5001	10	¶Àª÷¯¬ºÖ¨¾¨÷		54	56 ~ 59	2	45	3	25	4	20	5	10
	34056	5001	10	¶Àª÷¯¬ºÖ¨¾¨÷		55	57 ~ 60	2	45	3	25	4	20	5	10
	34057	5001	10	¶Àª÷¯¬ºÖ¨¾¨÷		56	58 ~ 61	2	45	3	25	4	20	5	10
	34058	5001	10	¶Àª÷¯¬ºÖ¨¾¨÷		57	59 ~ 62	2	45	3	25	4	20	5	10
	34059	5001	10	¶Àª÷¯¬ºÖ¨¾¨÷		58	60 ~ 63	2	45	3	25	4	20	5	10
	34060	5001	10	¶Àª÷¯¬ºÖ¨¾¨÷		59	61 ~ 64	2	45	3	25	4	20	5	10
	34061	5001	10	¶Àª÷¯¬ºÖ¨¾¨÷		60	62 ~ 65	2	45	3	25	4	20	5	10
	34062	5001	10	¶Àª÷¯¬ºÖ¨¾¨÷		61	63 ~ 66	2	45	3	25	4	20	5	10
	34063	5001	10	¶Àª÷¯¬ºÖ¨¾¨÷		62	64 ~ 67	2	45	3	25	4	20	5	10
	34064	5001	10	¶Àª÷¯¬ºÖ¨¾¨÷		63	65 ~ 68	2	45	3	25	4	20	5	10
	34065	5001	10	¶Àª÷¯¬ºÖ¨¾¨÷		64	66 ~ 69	2	45	3	25	4	20	5	10
	34066	5001	10	¶Àª÷¯¬ºÖ¨¾¨÷		65	67 ~ 70	2	45	3	25	4	20	5	10
	34067	5001	10	¶Àª÷¯¬ºÖ¨¾¨÷		66	68 ~ 71	2	45	3	25	4	20	5	10
	34068	5001	10	¶Àª÷¯¬ºÖ¨¾¨÷		67	69 ~ 72	2	45	3	25	4	20	5	10
	34069	5001	10	¶Àª÷¯¬ºÖ¨¾¨÷		68	70 ~ 73	2	45	3	25	4	20	5	10
	34070	5001	10	¶Àª÷¯¬ºÖ¨¾¨÷		69	71 ~ 74	2	45	3	25	4	20	5	10
	34071	5001	10	¶Àª÷¯¬ºÖ¨¾¨÷		70	72 ~ 75	2	45	3	25	4	20	5	10
	34072	5001	10	¶Àª÷¯¬ºÖ¨¾¨÷		71	73 ~ 76	2	45	3	25	4	20	5	10
	34073	5001	10	¶Àª÷¯¬ºÖ¨¾¨÷		72	74 ~ 77	2	45	3	25	4	20	5	10
	34074	5001	10	¶Àª÷¯¬ºÖ¨¾¨÷		73	75 ~ 78	2	45	3	25	4	20	5	10
	34075	5001	10	¶Àª÷¯¬ºÖ¨¾¨÷		74	76 ~ 79	2	45	3	25	4	20	5	10
	34076	5001	10	¶Àª÷¯¬ºÖ¨¾¨÷		75	77 ~ 80	2	45	3	25	4	20	5	10
	34077	5001	10	¶Àª÷¯¬ºÖ¨¾¨÷		76	78 ~ 81	2	45	3	25	4	20	5	10
	34078	5001	10	¶Àª÷¯¬ºÖ¨¾¨÷		77	79 ~ 82	2	45	3	25	4	20	5	10
	34079	5001	10	¶Àª÷¯¬ºÖ¨¾¨÷		78	80 ~ 83	2	45	3	25	4	20	5	10
	34080	5001	10	¶Àª÷¯¬ºÖ¨¾¨÷		79	81 ~ 84	2	45	3	25	4	20	5	10
	34081	5001	10	¶Àª÷¯¬ºÖ¨¾¨÷		80	82 ~ 85	2	45	3	25	4	20	5	10
	34082	5001	10	¶Àª÷¯¬ºÖ¨¾¨÷		81	83 ~ 86	2	45	3	25	4	20	5	10
	34083	5001	10	¶Àª÷¯¬ºÖ¨¾¨÷		82	84 ~ 87	2	45	3	25	4	20	5	10
	34084	5001	10	¶Àª÷¯¬ºÖ¨¾¨÷		83	85 ~ 88	2	45	3	25	4	20	5	10
	34085	5001	10	¶Àª÷¯¬ºÖ¨¾¨÷		84	86 ~ 89	2	45	3	25	4	20	5	10
	34086	5001	10	¶Àª÷¯¬ºÖ¨¾¨÷		85	87 ~ 90	2	45	3	25	4	20	5	10
	34087	5001	10	¶Àª÷¯¬ºÖ¨¾¨÷		86	88 ~ 91	2	45	3	25	4	20	5	10
	34088	5001	10	¶Àª÷¯¬ºÖ¨¾¨÷		87	89 ~ 92	2	45	3	25	4	20	5	10
	34089	5001	10	¶Àª÷¯¬ºÖ¨¾¨÷		88	90 ~ 93	2	45	3	25	4	20	5	10
	34090	5001	10	¶Àª÷¯¬ºÖ¨¾¨÷		89	91 ~ 94	2	45	3	25	4	20	5	10
	34091	5001	10	¶Àª÷¯¬ºÖ¨¾¨÷		90	92 ~ 95	2	45	3	25	4	20	5	10
	34092	5001	10	¶Àª÷¯¬ºÖ¨¾¨÷		91	93 ~ 96	2	45	3	25	4	20	5	10
	34093	5001	10	¶Àª÷¯¬ºÖ¨¾¨÷		92	94 ~ 97	2	45	3	25	4	20	5	10
	34094	5001	10	¶Àª÷¯¬ºÖ¨¾¨÷		93	95 ~ 98	2	45	3	25	4	20	5	10
	34095	5001	10	¶Àª÷¯¬ºÖ¨¾¨÷		94	96 ~ 99	2	45	3	25	4	20	5	10
	34096	5001	10	¶Àª÷¯¬ºÖ¨¾¨÷		95	97 ~ 100	2	45	3	25	4	20	5	10
	34097	5001	10	¶Àª÷¯¬ºÖ¨¾¨÷		96	98 ~ 101	2	45	3	25	4	20	5	10
	34098	5001	10	¶Àª÷¯¬ºÖ¨¾¨÷		97	99 ~ 102	2	45	3	25	4	20	5	10
	34099	5001	10	¶Àª÷¯¬ºÖ¨¾¨÷		98	100 ~ 103	2	45	3	25	4	20	5	10
	34100	5001	10	¶Àª÷¯¬ºÖ¨¾¨÷		99	101 ~ 104	2	45	3	25	4	20	5	10
	34101	5001	10	¶Àª÷¯¬ºÖ¨¾¨÷		100	102 ~ 105	2	45	3	25	4	20	5	10
	34102	5001	10	¶Àª÷¯¬ºÖ¨¾¨÷		101	103 ~ 106	2	45	3	25	4	20	5	10
	34103	5001	10	¶Àª÷¯¬ºÖ¨¾¨÷		102	104 ~ 107	2	45	3	25	4	20	5	10
	34104	5001	10	¶Àª÷¯¬ºÖ¨¾¨÷		103	105 ~ 108	2	45	3	25	4	20	5	10
	34105	5001	10	¶Àª÷¯¬ºÖ¨¾¨÷		104	104 ~ 108	2	55	3	25	4	20	0	0
	34106	5001	10	¶Àª÷¯¬ºÖ¨¾¨÷		105	105 ~ 108	2	75	3	25	0	0	0	0
	34107	5001	10	¶Àª÷¯¬ºÖ¨¾¨÷		106	106 ~ 108	2	100	0	0	0	0	0	0
	34108	5001	10	¶Àª÷¯¬ºÖ¨¾¨÷		107	107 ~ 108	1	100	0	0	0	0	0	0
# ¥ø¹º´ú¸Õ¥Î¨÷¶b															
	90101	5001	90101	½Ä«Ü¤jªZ¨÷ 0¡÷ 1		0	1	1	100	0	0	0	0	0	0
	90102	5001	90102	½Ä«Ü¤jªZ¨÷ 0¡÷ 2		0	2	2	100	0	0	0	0	0	0
	90103	5001	90103	½Ä«Ü¤jªZ¨÷ 0¡÷ 3		0	3	3	100	0	0	0	0	0	0
	90104	5001	90104	½Ä«Ü¤jªZ¨÷ 0¡÷ 4		0	4	4	100	0	0	0	0	0	0
	90105	5001	90105	½Ä«Ü¤jªZ¨÷ 0¡÷ 5		0	5	5	100	0	0	0	0	0	0
	90106	5001	90106	½Ä«Ü¤jªZ¨÷ 0¡÷ 6		0	6	6	100	0	0	0	0	0	0
	90107	5001	90107	½Ä«Ü¤jªZ¨÷ 0¡÷ 7		0	7	7	100	0	0	0	0	0	0
	90108	5001	90108	½Ä«Ü¤jªZ¨÷ 0¡÷ 8		0	8	8	100	0	0	0	0	0	0
	90109	5001	90109	½Ä«Ü¤jªZ¨÷ 0¡÷ 9		0	9	9	100	0	0	0	0	0	0
	90110	5001	90110	½Ä«Ü¤jªZ¨÷ 0¡÷ 10		0	10	10	100	0	0	0	0	0	0
	90111	5001	90111	½Ä«Ü¤jªZ¨÷ 0¡÷ 11		0	11	11	100	0	0	0	0	0	0
	90112	5001	90112	½Ä«Ü¤jªZ¨÷ 0¡÷ 12		0	12	12	100	0	0	0	0	0	0
	90113	5001	90113	½Ä«Ü¤jªZ¨÷ 0¡÷ 13		0	13	13	100	0	0	0	0	0	0
	90114	5001	90114	½Ä«Ü¤jªZ¨÷ 0¡÷ 14		0	14	14	100	0	0	0	0	0	0
	90115	5001	90115	½Ä«Ü¤jªZ¨÷ 0¡÷ 15		0	15	15	100	0	0	0	0	0	0
	90116	5001	90116	½Ä«Ü¤jªZ¨÷ 0¡÷ 16		0	16	16	100	0	0	0	0	0	0
	90117	5001	90117	½Ä«Ü¤jªZ¨÷ 0¡÷ 17		0	17	17	100	0	0	0	0	0	0
	90118	5001	90118	½Ä«Ü¤jªZ¨÷ 0¡÷ 18		0	18	18	100	0	0	0	0	0	0
	90119	5001	90119	½Ä«Ü¤jªZ¨÷ 0¡÷ 19		0	19	19	100	0	0	0	0	0	0
	90120	5001	90120	½Ä«Ü¤jªZ¨÷ 0¡÷ 20		0	20	20	100	0	0	0	0	0	0
	90201	5001	90201	½Ä«Ü¤j¨¾¨÷ 0¡÷ 1		0	1	1	100	0	0	0	0	0	0
	90202	5001	90202	½Ä«Ü¤j¨¾¨÷ 0¡÷ 2		0	2	2	100	0	0	0	0	0	0
	90203	5001	90203	½Ä«Ü¤j¨¾¨÷ 0¡÷ 3		0	3	3	100	0	0	0	0	0	0
	90204	5001	90204	½Ä«Ü¤j¨¾¨÷ 0¡÷ 4		0	4	4	100	0	0	0	0	0	0
	90205	5001	90205	½Ä«Ü¤j¨¾¨÷ 0¡÷ 5		0	5	5	100	0	0	0	0	0	0
	90206	5001	90206	½Ä«Ü¤j¨¾¨÷ 0¡÷ 6		0	6	6	100	0	0	0	0	0	0
	90207	5001	90207	½Ä«Ü¤j¨¾¨÷ 0¡÷ 7		0	7	7	100	0	0	0	0	0	0
	90208	5001	90208	½Ä«Ü¤j¨¾¨÷ 0¡÷ 8		0	8	8	100	0	0	0	0	0	0
	90209	5001	90209	½Ä«Ü¤j¨¾¨÷ 0¡÷ 9		0	9	9	100	0	0	0	0	0	0
	90210	5001	90210	½Ä«Ü¤j¨¾¨÷ 0¡÷ 10		0	10	10	100	0	0	0	0	0	0
	90211	5001	90211	½Ä«Ü¤j¨¾¨÷ 0¡÷ 11		0	11	11	100	0	0	0	0	0	0
	90212	5001	90212	½Ä«Ü¤j¨¾¨÷ 0¡÷ 12		0	12	12	100	0	0	0	0	0	0
	90213	5001	90213	½Ä«Ü¤j¨¾¨÷ 0¡÷ 13		0	13	13	100	0	0	0	0	0	0
	90214	5001	90214	½Ä«Ü¤j¨¾¨÷ 0¡÷ 14		0	14	14	100	0	0	0	0	0	0
	90215	5001	90215	½Ä«Ü¤j¨¾¨÷ 0¡÷ 15		0	15	15	100	0	0	0	0	0	0
	90216	5001	90216	½Ä«Ü¤j¨¾¨÷ 0¡÷ 16		0	16	16	100	0	0	0	0	0	0
	90217	5001	90217	½Ä«Ü¤j¨¾¨÷ 0¡÷ 17		0	17	17	100	0	0	0	0	0	0
	90218	5001	90218	½Ä«Ü¤j¨¾¨÷ 0¡÷ 18		0	18	18	100	0	0	0	0	0	0
	90219	5001	90219	½Ä«Ü¤j¨¾¨÷ 0¡÷ 19		0	19	19	100	0	0	0	0	0	0
	90220	5001	90220	½Ä«Ü¤j¨¾¨÷ 0¡÷ 20		0	20	20	100	0	0	0	0	0	0
