#	Id	ClassId		CharacterPresetId		EquipmentPosition	EnchantLevel	ImageListPresetId	UOffset	VOffset
#	編號	Class編號	裝備部位	角色編號	裝備部位	裝備部位	強化等級	強化特效的貼圖編號	貼圖流動特效的X軸位移量	貼圖流動特效的Y軸位移量
# 林沖強化特效貼圖										
	1	5010	1.林沖	1	0.頭部	0	40	80001	0.1	0.1
	2	5010	1.林沖	1	0.頭部	0	41	80001	0.1	0.1
	3	5010	1.林沖	1	0.頭部	0	42	80001	0.1	0.1
	4	5010	1.林沖	1	0.頭部	0	43	80001	0.1	0.1
	5	5010	1.林沖	1	0.頭部	0	44	80001	0.1	0.1
	6	5010	1.林沖	1	0.頭部	0	45	80001	0.1	0.1
	7	5010	1.林沖	1	0.頭部	0	46	80001	0.1	0.1
	8	5010	1.林沖	1	0.頭部	0	47	80001	0.1	0.1
	9	5010	1.林沖	1	0.頭部	0	48	80001	0.1	0.1
	10	5010	1.林沖	1	0.頭部	0	49	80001	0.1	0.1
	11	5010	1.林沖	1	0.頭部	0	50	80001	0.1	0.1
	12	5010	1.林沖	1	0.頭部	0	51	80001	0.1	0.1
	13	5010	1.林沖	1	0.頭部	0	52	80001	0.1	0.1
	14	5010	1.林沖	1	0.頭部	0	53	80001	0.1	0.1
	15	5010	1.林沖	1	0.頭部	0	54	80001	0.1	0.1
	16	5010	1.林沖	1	0.頭部	0	55	80001	0.1	0.1
	17	5010	1.林沖	1	0.頭部	0	56	80001	0.1	0.1
	18	5010	1.林沖	1	0.頭部	0	57	80001	0.1	0.1
	19	5010	1.林沖	1	0.頭部	0	58	80001	0.1	0.1
	20	5010	1.林沖	1	0.頭部	0	59	80001	0.1	0.1
	21	5010	1.林沖	1	0.頭部	0	60	80001	0.1	0.1
	22	5010	1.林沖	1	0.頭部	0	61	80001	0.1	0.1
	23	5010	1.林沖	1	0.頭部	0	62	80001	0.1	0.1
	24	5010	1.林沖	1	0.頭部	0	63	80001	0.1	0.1
	25	5010	1.林沖	1	0.頭部	0	64	80001	0.1	0.1
	26	5010	1.林沖	1	0.頭部	0	65	80001	0.1	0.1
	27	5010	1.林沖	1	0.頭部	0	66	80001	0.1	0.1
	28	5010	1.林沖	1	0.頭部	0	67	80001	0.1	0.1
	29	5010	1.林沖	1	0.頭部	0	68	80001	0.1	0.1
	30	5010	1.林沖	1	0.頭部	0	69	80001	0.1	0.1
	31	5010	1.林沖	1	0.頭部	0	70	80002	0.3	0.3
	32	5010	1.林沖	1	0.頭部	0	71	80002	0.3	0.3
	33	5010	1.林沖	1	0.頭部	0	72	80002	0.3	0.3
	34	5010	1.林沖	1	0.頭部	0	73	80002	0.3	0.3
	35	5010	1.林沖	1	0.頭部	0	74	80002	0.3	0.3
	36	5010	1.林沖	1	0.頭部	0	75	80002	0.3	0.3
	37	5010	1.林沖	1	0.頭部	0	76	80002	0.3	0.3
	38	5010	1.林沖	1	0.頭部	0	77	80002	0.3	0.3
	39	5010	1.林沖	1	0.頭部	0	78	80002	0.3	0.3
	40	5010	1.林沖	1	0.頭部	0	79	80002	0.3	0.3
	41	5010	1.林沖	1	0.頭部	0	80	80002	0.3	0.3
	42	5010	1.林沖	1	0.頭部	0	81	80002	0.3	0.3
	43	5010	1.林沖	1	0.頭部	0	82	80002	0.3	0.3
	44	5010	1.林沖	1	0.頭部	0	83	80002	0.3	0.3
	45	5010	1.林沖	1	0.頭部	0	84	80002	0.3	0.3
	46	5010	1.林沖	1	0.頭部	0	85	80002	0.3	0.3
	47	5010	1.林沖	1	0.頭部	0	86	80002	0.3	0.3
	48	5010	1.林沖	1	0.頭部	0	87	80002	0.3	0.3
	49	5010	1.林沖	1	0.頭部	0	88	80002	0.3	0.3
	50	5010	1.林沖	1	0.頭部	0	89	80002	0.3	0.3
	51	5010	1.林沖	1	0.頭部	0	90	80002	0.3	0.3
	52	5010	1.林沖	1	0.頭部	0	91	80002	0.3	0.3
	53	5010	1.林沖	1	0.頭部	0	92	80002	0.3	0.3
	54	5010	1.林沖	1	0.頭部	0	93	80002	0.3	0.3
	55	5010	1.林沖	1	0.頭部	0	94	80002	0.3	0.3
	56	5010	1.林沖	1	0.頭部	0	95	80002	0.3	0.3
	57	5010	1.林沖	1	0.頭部	0	96	80002	0.3	0.3
	58	5010	1.林沖	1	0.頭部	0	97	80002	0.3	0.3
	59	5010	1.林沖	1	0.頭部	0	98	80002	0.3	0.3
	60	5010	1.林沖	1	0.頭部	0	99	80002	0.3	0.3
	61	5010	1.林沖	1	0.頭部	0	100	80003	0.5	0.5
	62	5010	1.林沖	1	0.頭部	0	101	80003	0.5	0.5
	63	5010	1.林沖	1	0.頭部	0	102	80003	0.5	0.5
	64	5010	1.林沖	1	0.頭部	0	103	80003	0.5	0.5
	65	5010	1.林沖	1	0.頭部	0	104	80003	0.5	0.5
	66	5010	1.林沖	1	0.頭部	0	105	80003	0.5	0.5
	67	5010	1.林沖	1	0.頭部	0	106	80003	0.5	0.5
	68	5010	1.林沖	1	0.頭部	0	107	80003	0.5	0.5
	69	5010	1.林沖	1	0.頭部	0	108	80003	0.5	0.5
	70	5010	1.林沖	1	1.上半身	1	40	80001	0.1	0.1
	71	5010	1.林沖	1	1.上半身	1	41	80001	0.1	0.1
	72	5010	1.林沖	1	1.上半身	1	42	80001	0.1	0.1
	73	5010	1.林沖	1	1.上半身	1	43	80001	0.1	0.1
	74	5010	1.林沖	1	1.上半身	1	44	80001	0.1	0.1
	75	5010	1.林沖	1	1.上半身	1	45	80001	0.1	0.1
	76	5010	1.林沖	1	1.上半身	1	46	80001	0.1	0.1
	77	5010	1.林沖	1	1.上半身	1	47	80001	0.1	0.1
	78	5010	1.林沖	1	1.上半身	1	48	80001	0.1	0.1
	79	5010	1.林沖	1	1.上半身	1	49	80001	0.1	0.1
	80	5010	1.林沖	1	1.上半身	1	50	80001	0.1	0.1
	81	5010	1.林沖	1	1.上半身	1	51	80001	0.1	0.1
	82	5010	1.林沖	1	1.上半身	1	52	80001	0.1	0.1
	83	5010	1.林沖	1	1.上半身	1	53	80001	0.1	0.1
	84	5010	1.林沖	1	1.上半身	1	54	80001	0.1	0.1
	85	5010	1.林沖	1	1.上半身	1	55	80001	0.1	0.1
	86	5010	1.林沖	1	1.上半身	1	56	80001	0.1	0.1
	87	5010	1.林沖	1	1.上半身	1	57	80001	0.1	0.1
	88	5010	1.林沖	1	1.上半身	1	58	80001	0.1	0.1
	89	5010	1.林沖	1	1.上半身	1	59	80001	0.1	0.1
	90	5010	1.林沖	1	1.上半身	1	60	80001	0.1	0.1
	91	5010	1.林沖	1	1.上半身	1	61	80001	0.1	0.1
	92	5010	1.林沖	1	1.上半身	1	62	80001	0.1	0.1
	93	5010	1.林沖	1	1.上半身	1	63	80001	0.1	0.1
	94	5010	1.林沖	1	1.上半身	1	64	80001	0.1	0.1
	95	5010	1.林沖	1	1.上半身	1	65	80001	0.1	0.1
	96	5010	1.林沖	1	1.上半身	1	66	80001	0.1	0.1
	97	5010	1.林沖	1	1.上半身	1	67	80001	0.1	0.1
	98	5010	1.林沖	1	1.上半身	1	68	80001	0.1	0.1
	99	5010	1.林沖	1	1.上半身	1	69	80001	0.1	0.1
	100	5010	1.林沖	1	1.上半身	1	70	80002	0.3	0.3
	101	5010	1.林沖	1	1.上半身	1	71	80002	0.3	0.3
	102	5010	1.林沖	1	1.上半身	1	72	80002	0.3	0.3
	103	5010	1.林沖	1	1.上半身	1	73	80002	0.3	0.3
	104	5010	1.林沖	1	1.上半身	1	74	80002	0.3	0.3
	105	5010	1.林沖	1	1.上半身	1	75	80002	0.3	0.3
	106	5010	1.林沖	1	1.上半身	1	76	80002	0.3	0.3
	107	5010	1.林沖	1	1.上半身	1	77	80002	0.3	0.3
	108	5010	1.林沖	1	1.上半身	1	78	80002	0.3	0.3
	109	5010	1.林沖	1	1.上半身	1	79	80002	0.3	0.3
	110	5010	1.林沖	1	1.上半身	1	80	80002	0.3	0.3
	111	5010	1.林沖	1	1.上半身	1	81	80002	0.3	0.3
	112	5010	1.林沖	1	1.上半身	1	82	80002	0.3	0.3
	113	5010	1.林沖	1	1.上半身	1	83	80002	0.3	0.3
	114	5010	1.林沖	1	1.上半身	1	84	80002	0.3	0.3
	115	5010	1.林沖	1	1.上半身	1	85	80002	0.3	0.3
	116	5010	1.林沖	1	1.上半身	1	86	80002	0.3	0.3
	117	5010	1.林沖	1	1.上半身	1	87	80002	0.3	0.3
	118	5010	1.林沖	1	1.上半身	1	88	80002	0.3	0.3
	119	5010	1.林沖	1	1.上半身	1	89	80002	0.3	0.3
	120	5010	1.林沖	1	1.上半身	1	90	80002	0.3	0.3
	121	5010	1.林沖	1	1.上半身	1	91	80002	0.3	0.3
	122	5010	1.林沖	1	1.上半身	1	92	80002	0.3	0.3
	123	5010	1.林沖	1	1.上半身	1	93	80002	0.3	0.3
	124	5010	1.林沖	1	1.上半身	1	94	80002	0.3	0.3
	125	5010	1.林沖	1	1.上半身	1	95	80002	0.3	0.3
	126	5010	1.林沖	1	1.上半身	1	96	80002	0.3	0.3
	127	5010	1.林沖	1	1.上半身	1	97	80002	0.3	0.3
	128	5010	1.林沖	1	1.上半身	1	98	80002	0.3	0.3
	129	5010	1.林沖	1	1.上半身	1	99	80002	0.3	0.3
	130	5010	1.林沖	1	1.上半身	1	100	80003	0.5	0.5
	131	5010	1.林沖	1	1.上半身	1	101	80003	0.5	0.5
	132	5010	1.林沖	1	1.上半身	1	102	80003	0.5	0.5
	133	5010	1.林沖	1	1.上半身	1	103	80003	0.5	0.5
	134	5010	1.林沖	1	1.上半身	1	104	80003	0.5	0.5
	135	5010	1.林沖	1	1.上半身	1	105	80003	0.5	0.5
	136	5010	1.林沖	1	1.上半身	1	106	80003	0.5	0.5
	137	5010	1.林沖	1	1.上半身	1	107	80003	0.5	0.5
	138	5010	1.林沖	1	1.上半身	1	108	80003	0.5	0.5
	139	5010	1.林沖	1	2.下半身	2	40	80001	0.1	0.1
	140	5010	1.林沖	1	2.下半身	2	41	80001	0.1	0.1
	141	5010	1.林沖	1	2.下半身	2	42	80001	0.1	0.1
	142	5010	1.林沖	1	2.下半身	2	43	80001	0.1	0.1
	143	5010	1.林沖	1	2.下半身	2	44	80001	0.1	0.1
	144	5010	1.林沖	1	2.下半身	2	45	80001	0.1	0.1
	145	5010	1.林沖	1	2.下半身	2	46	80001	0.1	0.1
	146	5010	1.林沖	1	2.下半身	2	47	80001	0.1	0.1
	147	5010	1.林沖	1	2.下半身	2	48	80001	0.1	0.1
	148	5010	1.林沖	1	2.下半身	2	49	80001	0.1	0.1
	149	5010	1.林沖	1	2.下半身	2	50	80001	0.1	0.1
	150	5010	1.林沖	1	2.下半身	2	51	80001	0.1	0.1
	151	5010	1.林沖	1	2.下半身	2	52	80001	0.1	0.1
	152	5010	1.林沖	1	2.下半身	2	53	80001	0.1	0.1
	153	5010	1.林沖	1	2.下半身	2	54	80001	0.1	0.1
	154	5010	1.林沖	1	2.下半身	2	55	80001	0.1	0.1
	155	5010	1.林沖	1	2.下半身	2	56	80001	0.1	0.1
	156	5010	1.林沖	1	2.下半身	2	57	80001	0.1	0.1
	157	5010	1.林沖	1	2.下半身	2	58	80001	0.1	0.1
	158	5010	1.林沖	1	2.下半身	2	59	80001	0.1	0.1
	159	5010	1.林沖	1	2.下半身	2	60	80001	0.1	0.1
	160	5010	1.林沖	1	2.下半身	2	61	80001	0.1	0.1
	161	5010	1.林沖	1	2.下半身	2	62	80001	0.1	0.1
	162	5010	1.林沖	1	2.下半身	2	63	80001	0.1	0.1
	163	5010	1.林沖	1	2.下半身	2	64	80001	0.1	0.1
	164	5010	1.林沖	1	2.下半身	2	65	80001	0.1	0.1
	165	5010	1.林沖	1	2.下半身	2	66	80001	0.1	0.1
	166	5010	1.林沖	1	2.下半身	2	67	80001	0.1	0.1
	167	5010	1.林沖	1	2.下半身	2	68	80001	0.1	0.1
	168	5010	1.林沖	1	2.下半身	2	69	80001	0.1	0.1
	169	5010	1.林沖	1	2.下半身	2	70	80002	0.3	0.3
	170	5010	1.林沖	1	2.下半身	2	71	80002	0.3	0.3
	171	5010	1.林沖	1	2.下半身	2	72	80002	0.3	0.3
	172	5010	1.林沖	1	2.下半身	2	73	80002	0.3	0.3
	173	5010	1.林沖	1	2.下半身	2	74	80002	0.3	0.3
	174	5010	1.林沖	1	2.下半身	2	75	80002	0.3	0.3
	175	5010	1.林沖	1	2.下半身	2	76	80002	0.3	0.3
	176	5010	1.林沖	1	2.下半身	2	77	80002	0.3	0.3
	177	5010	1.林沖	1	2.下半身	2	78	80002	0.3	0.3
	178	5010	1.林沖	1	2.下半身	2	79	80002	0.3	0.3
	179	5010	1.林沖	1	2.下半身	2	80	80002	0.3	0.3
	180	5010	1.林沖	1	2.下半身	2	81	80002	0.3	0.3
	181	5010	1.林沖	1	2.下半身	2	82	80002	0.3	0.3
	182	5010	1.林沖	1	2.下半身	2	83	80002	0.3	0.3
	183	5010	1.林沖	1	2.下半身	2	84	80002	0.3	0.3
	184	5010	1.林沖	1	2.下半身	2	85	80002	0.3	0.3
	185	5010	1.林沖	1	2.下半身	2	86	80002	0.3	0.3
	186	5010	1.林沖	1	2.下半身	2	87	80002	0.3	0.3
	187	5010	1.林沖	1	2.下半身	2	88	80002	0.3	0.3
	188	5010	1.林沖	1	2.下半身	2	89	80002	0.3	0.3
	189	5010	1.林沖	1	2.下半身	2	90	80002	0.3	0.3
	190	5010	1.林沖	1	2.下半身	2	91	80002	0.3	0.3
	191	5010	1.林沖	1	2.下半身	2	92	80002	0.3	0.3
	192	5010	1.林沖	1	2.下半身	2	93	80002	0.3	0.3
	193	5010	1.林沖	1	2.下半身	2	94	80002	0.3	0.3
	194	5010	1.林沖	1	2.下半身	2	95	80002	0.3	0.3
	195	5010	1.林沖	1	2.下半身	2	96	80002	0.3	0.3
	196	5010	1.林沖	1	2.下半身	2	97	80002	0.3	0.3
	197	5010	1.林沖	1	2.下半身	2	98	80002	0.3	0.3
	198	5010	1.林沖	1	2.下半身	2	99	80002	0.3	0.3
	199	5010	1.林沖	1	2.下半身	2	100	80003	0.5	0.5
	200	5010	1.林沖	1	2.下半身	2	101	80003	0.5	0.5
	201	5010	1.林沖	1	2.下半身	2	102	80003	0.5	0.5
	202	5010	1.林沖	1	2.下半身	2	103	80003	0.5	0.5
	203	5010	1.林沖	1	2.下半身	2	104	80003	0.5	0.5
	204	5010	1.林沖	1	2.下半身	2	105	80003	0.5	0.5
	205	5010	1.林沖	1	2.下半身	2	106	80003	0.5	0.5
	206	5010	1.林沖	1	2.下半身	2	107	80003	0.5	0.5
	207	5010	1.林沖	1	2.下半身	2	108	80003	0.5	0.5
	208	5010	1.林沖	1	3.武器	3	40	80001	0.1	0.1
	209	5010	1.林沖	1	3.武器	3	41	80001	0.1	0.1
	210	5010	1.林沖	1	3.武器	3	42	80001	0.1	0.1
	211	5010	1.林沖	1	3.武器	3	43	80001	0.1	0.1
	212	5010	1.林沖	1	3.武器	3	44	80001	0.1	0.1
	213	5010	1.林沖	1	3.武器	3	45	80001	0.1	0.1
	214	5010	1.林沖	1	3.武器	3	46	80001	0.1	0.1
	215	5010	1.林沖	1	3.武器	3	47	80001	0.1	0.1
	216	5010	1.林沖	1	3.武器	3	48	80001	0.1	0.1
	217	5010	1.林沖	1	3.武器	3	49	80001	0.1	0.1
	218	5010	1.林沖	1	3.武器	3	50	80001	0.1	0.1
	219	5010	1.林沖	1	3.武器	3	51	80001	0.1	0.1
	220	5010	1.林沖	1	3.武器	3	52	80001	0.1	0.1
	221	5010	1.林沖	1	3.武器	3	53	80001	0.1	0.1
	222	5010	1.林沖	1	3.武器	3	54	80001	0.1	0.1
	223	5010	1.林沖	1	3.武器	3	55	80001	0.1	0.1
	224	5010	1.林沖	1	3.武器	3	56	80001	0.1	0.1
	225	5010	1.林沖	1	3.武器	3	57	80001	0.1	0.1
	226	5010	1.林沖	1	3.武器	3	58	80001	0.1	0.1
	227	5010	1.林沖	1	3.武器	3	59	80001	0.1	0.1
	228	5010	1.林沖	1	3.武器	3	60	80001	0.1	0.1
	229	5010	1.林沖	1	3.武器	3	61	80001	0.1	0.1
	230	5010	1.林沖	1	3.武器	3	62	80001	0.1	0.1
	231	5010	1.林沖	1	3.武器	3	63	80001	0.1	0.1
	232	5010	1.林沖	1	3.武器	3	64	80001	0.1	0.1
	233	5010	1.林沖	1	3.武器	3	65	80001	0.1	0.1
	234	5010	1.林沖	1	3.武器	3	66	80001	0.1	0.1
	235	5010	1.林沖	1	3.武器	3	67	80001	0.1	0.1
	236	5010	1.林沖	1	3.武器	3	68	80001	0.1	0.1
	237	5010	1.林沖	1	3.武器	3	69	80001	0.1	0.1
	238	5010	1.林沖	1	3.武器	3	70	80002	0.3	0.3
	239	5010	1.林沖	1	3.武器	3	71	80002	0.3	0.3
	240	5010	1.林沖	1	3.武器	3	72	80002	0.3	0.3
	241	5010	1.林沖	1	3.武器	3	73	80002	0.3	0.3
	242	5010	1.林沖	1	3.武器	3	74	80002	0.3	0.3
	243	5010	1.林沖	1	3.武器	3	75	80002	0.3	0.3
	244	5010	1.林沖	1	3.武器	3	76	80002	0.3	0.3
	245	5010	1.林沖	1	3.武器	3	77	80002	0.3	0.3
	246	5010	1.林沖	1	3.武器	3	78	80002	0.3	0.3
	247	5010	1.林沖	1	3.武器	3	79	80002	0.3	0.3
	248	5010	1.林沖	1	3.武器	3	80	80002	0.3	0.3
	249	5010	1.林沖	1	3.武器	3	81	80002	0.3	0.3
	250	5010	1.林沖	1	3.武器	3	82	80002	0.3	0.3
	251	5010	1.林沖	1	3.武器	3	83	80002	0.3	0.3
	252	5010	1.林沖	1	3.武器	3	84	80002	0.3	0.3
	253	5010	1.林沖	1	3.武器	3	85	80002	0.3	0.3
	254	5010	1.林沖	1	3.武器	3	86	80002	0.3	0.3
	255	5010	1.林沖	1	3.武器	3	87	80002	0.3	0.3
	256	5010	1.林沖	1	3.武器	3	88	80002	0.3	0.3
	257	5010	1.林沖	1	3.武器	3	89	80002	0.3	0.3
	258	5010	1.林沖	1	3.武器	3	90	80002	0.3	0.3
	259	5010	1.林沖	1	3.武器	3	91	80002	0.3	0.3
	260	5010	1.林沖	1	3.武器	3	92	80002	0.3	0.3
	261	5010	1.林沖	1	3.武器	3	93	80002	0.3	0.3
	262	5010	1.林沖	1	3.武器	3	94	80002	0.3	0.3
	263	5010	1.林沖	1	3.武器	3	95	80002	0.3	0.3
	264	5010	1.林沖	1	3.武器	3	96	80002	0.3	0.3
	265	5010	1.林沖	1	3.武器	3	97	80002	0.3	0.3
	266	5010	1.林沖	1	3.武器	3	98	80002	0.3	0.3
	267	5010	1.林沖	1	3.武器	3	99	80002	0.3	0.3
	268	5010	1.林沖	1	3.武器	3	100	80003	0.5	0.5
	269	5010	1.林沖	1	3.武器	3	101	80003	0.5	0.5
	270	5010	1.林沖	1	3.武器	3	102	80003	0.5	0.5
	271	5010	1.林沖	1	3.武器	3	103	80003	0.5	0.5
	272	5010	1.林沖	1	3.武器	3	104	80003	0.5	0.5
	273	5010	1.林沖	1	3.武器	3	105	80003	0.5	0.5
	274	5010	1.林沖	1	3.武器	3	106	80003	0.5	0.5
	275	5010	1.林沖	1	3.武器	3	107	80003	0.5	0.5
	276	5010	1.林沖	1	3.武器	3	108	80003	0.5	0.5
# 雷橫強化特效貼圖										
	277	5010	2.雷橫	2	0.頭部	0	40	80001	0.1	0.1
	278	5010	2.雷橫	2	0.頭部	0	41	80001	0.1	0.1
	279	5010	2.雷橫	2	0.頭部	0	42	80001	0.1	0.1
	280	5010	2.雷橫	2	0.頭部	0	43	80001	0.1	0.1
	281	5010	2.雷橫	2	0.頭部	0	44	80001	0.1	0.1
	282	5010	2.雷橫	2	0.頭部	0	45	80001	0.1	0.1
	283	5010	2.雷橫	2	0.頭部	0	46	80001	0.1	0.1
	284	5010	2.雷橫	2	0.頭部	0	47	80001	0.1	0.1
	285	5010	2.雷橫	2	0.頭部	0	48	80001	0.1	0.1
	286	5010	2.雷橫	2	0.頭部	0	49	80001	0.1	0.1
	287	5010	2.雷橫	2	0.頭部	0	50	80001	0.1	0.1
	288	5010	2.雷橫	2	0.頭部	0	51	80001	0.1	0.1
	289	5010	2.雷橫	2	0.頭部	0	52	80001	0.1	0.1
	290	5010	2.雷橫	2	0.頭部	0	53	80001	0.1	0.1
	291	5010	2.雷橫	2	0.頭部	0	54	80001	0.1	0.1
	292	5010	2.雷橫	2	0.頭部	0	55	80001	0.1	0.1
	293	5010	2.雷橫	2	0.頭部	0	56	80001	0.1	0.1
	294	5010	2.雷橫	2	0.頭部	0	57	80001	0.1	0.1
	295	5010	2.雷橫	2	0.頭部	0	58	80001	0.1	0.1
	296	5010	2.雷橫	2	0.頭部	0	59	80001	0.1	0.1
	297	5010	2.雷橫	2	0.頭部	0	60	80001	0.1	0.1
	298	5010	2.雷橫	2	0.頭部	0	61	80001	0.1	0.1
	299	5010	2.雷橫	2	0.頭部	0	62	80001	0.1	0.1
	300	5010	2.雷橫	2	0.頭部	0	63	80001	0.1	0.1
	301	5010	2.雷橫	2	0.頭部	0	64	80001	0.1	0.1
	302	5010	2.雷橫	2	0.頭部	0	65	80001	0.1	0.1
	303	5010	2.雷橫	2	0.頭部	0	66	80001	0.1	0.1
	304	5010	2.雷橫	2	0.頭部	0	67	80001	0.1	0.1
	305	5010	2.雷橫	2	0.頭部	0	68	80001	0.1	0.1
	306	5010	2.雷橫	2	0.頭部	0	69	80001	0.1	0.1
	307	5010	2.雷橫	2	0.頭部	0	70	80002	0.3	0.3
	308	5010	2.雷橫	2	0.頭部	0	71	80002	0.3	0.3
	309	5010	2.雷橫	2	0.頭部	0	72	80002	0.3	0.3
	310	5010	2.雷橫	2	0.頭部	0	73	80002	0.3	0.3
	311	5010	2.雷橫	2	0.頭部	0	74	80002	0.3	0.3
	312	5010	2.雷橫	2	0.頭部	0	75	80002	0.3	0.3
	313	5010	2.雷橫	2	0.頭部	0	76	80002	0.3	0.3
	314	5010	2.雷橫	2	0.頭部	0	77	80002	0.3	0.3
	315	5010	2.雷橫	2	0.頭部	0	78	80002	0.3	0.3
	316	5010	2.雷橫	2	0.頭部	0	79	80002	0.3	0.3
	317	5010	2.雷橫	2	0.頭部	0	80	80002	0.3	0.3
	318	5010	2.雷橫	2	0.頭部	0	81	80002	0.3	0.3
	319	5010	2.雷橫	2	0.頭部	0	82	80002	0.3	0.3
	320	5010	2.雷橫	2	0.頭部	0	83	80002	0.3	0.3
	321	5010	2.雷橫	2	0.頭部	0	84	80002	0.3	0.3
	322	5010	2.雷橫	2	0.頭部	0	85	80002	0.3	0.3
	323	5010	2.雷橫	2	0.頭部	0	86	80002	0.3	0.3
	324	5010	2.雷橫	2	0.頭部	0	87	80002	0.3	0.3
	325	5010	2.雷橫	2	0.頭部	0	88	80002	0.3	0.3
	326	5010	2.雷橫	2	0.頭部	0	89	80002	0.3	0.3
	327	5010	2.雷橫	2	0.頭部	0	90	80002	0.3	0.3
	328	5010	2.雷橫	2	0.頭部	0	91	80002	0.3	0.3
	329	5010	2.雷橫	2	0.頭部	0	92	80002	0.3	0.3
	330	5010	2.雷橫	2	0.頭部	0	93	80002	0.3	0.3
	331	5010	2.雷橫	2	0.頭部	0	94	80002	0.3	0.3
	332	5010	2.雷橫	2	0.頭部	0	95	80002	0.3	0.3
	333	5010	2.雷橫	2	0.頭部	0	96	80002	0.3	0.3
	334	5010	2.雷橫	2	0.頭部	0	97	80002	0.3	0.3
	335	5010	2.雷橫	2	0.頭部	0	98	80002	0.3	0.3
	336	5010	2.雷橫	2	0.頭部	0	99	80002	0.3	0.3
	337	5010	2.雷橫	2	0.頭部	0	100	80003	0.5	0.5
	338	5010	2.雷橫	2	0.頭部	0	101	80003	0.5	0.5
	339	5010	2.雷橫	2	0.頭部	0	102	80003	0.5	0.5
	340	5010	2.雷橫	2	0.頭部	0	103	80003	0.5	0.5
	341	5010	2.雷橫	2	0.頭部	0	104	80003	0.5	0.5
	342	5010	2.雷橫	2	0.頭部	0	105	80003	0.5	0.5
	343	5010	2.雷橫	2	0.頭部	0	106	80003	0.5	0.5
	344	5010	2.雷橫	2	0.頭部	0	107	80003	0.5	0.5
	345	5010	2.雷橫	2	0.頭部	0	108	80003	0.5	0.5
	346	5010	2.雷橫	2	1.上半身	1	40	80001	0.1	0.1
	347	5010	2.雷橫	2	1.上半身	1	41	80001	0.1	0.1
	348	5010	2.雷橫	2	1.上半身	1	42	80001	0.1	0.1
	349	5010	2.雷橫	2	1.上半身	1	43	80001	0.1	0.1
	350	5010	2.雷橫	2	1.上半身	1	44	80001	0.1	0.1
	351	5010	2.雷橫	2	1.上半身	1	45	80001	0.1	0.1
	352	5010	2.雷橫	2	1.上半身	1	46	80001	0.1	0.1
	353	5010	2.雷橫	2	1.上半身	1	47	80001	0.1	0.1
	354	5010	2.雷橫	2	1.上半身	1	48	80001	0.1	0.1
	355	5010	2.雷橫	2	1.上半身	1	49	80001	0.1	0.1
	356	5010	2.雷橫	2	1.上半身	1	50	80001	0.1	0.1
	357	5010	2.雷橫	2	1.上半身	1	51	80001	0.1	0.1
	358	5010	2.雷橫	2	1.上半身	1	52	80001	0.1	0.1
	359	5010	2.雷橫	2	1.上半身	1	53	80001	0.1	0.1
	360	5010	2.雷橫	2	1.上半身	1	54	80001	0.1	0.1
	361	5010	2.雷橫	2	1.上半身	1	55	80001	0.1	0.1
	362	5010	2.雷橫	2	1.上半身	1	56	80001	0.1	0.1
	363	5010	2.雷橫	2	1.上半身	1	57	80001	0.1	0.1
	364	5010	2.雷橫	2	1.上半身	1	58	80001	0.1	0.1
	365	5010	2.雷橫	2	1.上半身	1	59	80001	0.1	0.1
	366	5010	2.雷橫	2	1.上半身	1	60	80001	0.1	0.1
	367	5010	2.雷橫	2	1.上半身	1	61	80001	0.1	0.1
	368	5010	2.雷橫	2	1.上半身	1	62	80001	0.1	0.1
	369	5010	2.雷橫	2	1.上半身	1	63	80001	0.1	0.1
	370	5010	2.雷橫	2	1.上半身	1	64	80001	0.1	0.1
	371	5010	2.雷橫	2	1.上半身	1	65	80001	0.1	0.1
	372	5010	2.雷橫	2	1.上半身	1	66	80001	0.1	0.1
	373	5010	2.雷橫	2	1.上半身	1	67	80001	0.1	0.1
	374	5010	2.雷橫	2	1.上半身	1	68	80001	0.1	0.1
	375	5010	2.雷橫	2	1.上半身	1	69	80001	0.1	0.1
	376	5010	2.雷橫	2	1.上半身	1	70	80002	0.3	0.3
	377	5010	2.雷橫	2	1.上半身	1	71	80002	0.3	0.3
	378	5010	2.雷橫	2	1.上半身	1	72	80002	0.3	0.3
	379	5010	2.雷橫	2	1.上半身	1	73	80002	0.3	0.3
	380	5010	2.雷橫	2	1.上半身	1	74	80002	0.3	0.3
	381	5010	2.雷橫	2	1.上半身	1	75	80002	0.3	0.3
	382	5010	2.雷橫	2	1.上半身	1	76	80002	0.3	0.3
	383	5010	2.雷橫	2	1.上半身	1	77	80002	0.3	0.3
	384	5010	2.雷橫	2	1.上半身	1	78	80002	0.3	0.3
	385	5010	2.雷橫	2	1.上半身	1	79	80002	0.3	0.3
	386	5010	2.雷橫	2	1.上半身	1	80	80002	0.3	0.3
	387	5010	2.雷橫	2	1.上半身	1	81	80002	0.3	0.3
	388	5010	2.雷橫	2	1.上半身	1	82	80002	0.3	0.3
	389	5010	2.雷橫	2	1.上半身	1	83	80002	0.3	0.3
	390	5010	2.雷橫	2	1.上半身	1	84	80002	0.3	0.3
	391	5010	2.雷橫	2	1.上半身	1	85	80002	0.3	0.3
	392	5010	2.雷橫	2	1.上半身	1	86	80002	0.3	0.3
	393	5010	2.雷橫	2	1.上半身	1	87	80002	0.3	0.3
	394	5010	2.雷橫	2	1.上半身	1	88	80002	0.3	0.3
	395	5010	2.雷橫	2	1.上半身	1	89	80002	0.3	0.3
	396	5010	2.雷橫	2	1.上半身	1	90	80002	0.3	0.3
	397	5010	2.雷橫	2	1.上半身	1	91	80002	0.3	0.3
	398	5010	2.雷橫	2	1.上半身	1	92	80002	0.3	0.3
	399	5010	2.雷橫	2	1.上半身	1	93	80002	0.3	0.3
	400	5010	2.雷橫	2	1.上半身	1	94	80002	0.3	0.3
	401	5010	2.雷橫	2	1.上半身	1	95	80002	0.3	0.3
	402	5010	2.雷橫	2	1.上半身	1	96	80002	0.3	0.3
	403	5010	2.雷橫	2	1.上半身	1	97	80002	0.3	0.3
	404	5010	2.雷橫	2	1.上半身	1	98	80002	0.3	0.3
	405	5010	2.雷橫	2	1.上半身	1	99	80002	0.3	0.3
	406	5010	2.雷橫	2	1.上半身	1	100	80003	0.5	0.5
	407	5010	2.雷橫	2	1.上半身	1	101	80003	0.5	0.5
	408	5010	2.雷橫	2	1.上半身	1	102	80003	0.5	0.5
	409	5010	2.雷橫	2	1.上半身	1	103	80003	0.5	0.5
	410	5010	2.雷橫	2	1.上半身	1	104	80003	0.5	0.5
	411	5010	2.雷橫	2	1.上半身	1	105	80003	0.5	0.5
	412	5010	2.雷橫	2	1.上半身	1	106	80003	0.5	0.5
	413	5010	2.雷橫	2	1.上半身	1	107	80003	0.5	0.5
	414	5010	2.雷橫	2	1.上半身	1	108	80003	0.5	0.5
	415	5010	2.雷橫	2	2.下半身	2	40	80001	0.1	0.1
	416	5010	2.雷橫	2	2.下半身	2	41	80001	0.1	0.1
	417	5010	2.雷橫	2	2.下半身	2	42	80001	0.1	0.1
	418	5010	2.雷橫	2	2.下半身	2	43	80001	0.1	0.1
	419	5010	2.雷橫	2	2.下半身	2	44	80001	0.1	0.1
	420	5010	2.雷橫	2	2.下半身	2	45	80001	0.1	0.1
	421	5010	2.雷橫	2	2.下半身	2	46	80001	0.1	0.1
	422	5010	2.雷橫	2	2.下半身	2	47	80001	0.1	0.1
	423	5010	2.雷橫	2	2.下半身	2	48	80001	0.1	0.1
	424	5010	2.雷橫	2	2.下半身	2	49	80001	0.1	0.1
	425	5010	2.雷橫	2	2.下半身	2	50	80001	0.1	0.1
	426	5010	2.雷橫	2	2.下半身	2	51	80001	0.1	0.1
	427	5010	2.雷橫	2	2.下半身	2	52	80001	0.1	0.1
	428	5010	2.雷橫	2	2.下半身	2	53	80001	0.1	0.1
	429	5010	2.雷橫	2	2.下半身	2	54	80001	0.1	0.1
	430	5010	2.雷橫	2	2.下半身	2	55	80001	0.1	0.1
	431	5010	2.雷橫	2	2.下半身	2	56	80001	0.1	0.1
	432	5010	2.雷橫	2	2.下半身	2	57	80001	0.1	0.1
	433	5010	2.雷橫	2	2.下半身	2	58	80001	0.1	0.1
	434	5010	2.雷橫	2	2.下半身	2	59	80001	0.1	0.1
	435	5010	2.雷橫	2	2.下半身	2	60	80001	0.1	0.1
	436	5010	2.雷橫	2	2.下半身	2	61	80001	0.1	0.1
	437	5010	2.雷橫	2	2.下半身	2	62	80001	0.1	0.1
	438	5010	2.雷橫	2	2.下半身	2	63	80001	0.1	0.1
	439	5010	2.雷橫	2	2.下半身	2	64	80001	0.1	0.1
	440	5010	2.雷橫	2	2.下半身	2	65	80001	0.1	0.1
	441	5010	2.雷橫	2	2.下半身	2	66	80001	0.1	0.1
	442	5010	2.雷橫	2	2.下半身	2	67	80001	0.1	0.1
	443	5010	2.雷橫	2	2.下半身	2	68	80001	0.1	0.1
	444	5010	2.雷橫	2	2.下半身	2	69	80001	0.1	0.1
	445	5010	2.雷橫	2	2.下半身	2	70	80002	0.3	0.3
	446	5010	2.雷橫	2	2.下半身	2	71	80002	0.3	0.3
	447	5010	2.雷橫	2	2.下半身	2	72	80002	0.3	0.3
	448	5010	2.雷橫	2	2.下半身	2	73	80002	0.3	0.3
	449	5010	2.雷橫	2	2.下半身	2	74	80002	0.3	0.3
	450	5010	2.雷橫	2	2.下半身	2	75	80002	0.3	0.3
	451	5010	2.雷橫	2	2.下半身	2	76	80002	0.3	0.3
	452	5010	2.雷橫	2	2.下半身	2	77	80002	0.3	0.3
	453	5010	2.雷橫	2	2.下半身	2	78	80002	0.3	0.3
	454	5010	2.雷橫	2	2.下半身	2	79	80002	0.3	0.3
	455	5010	2.雷橫	2	2.下半身	2	80	80002	0.3	0.3
	456	5010	2.雷橫	2	2.下半身	2	81	80002	0.3	0.3
	457	5010	2.雷橫	2	2.下半身	2	82	80002	0.3	0.3
	458	5010	2.雷橫	2	2.下半身	2	83	80002	0.3	0.3
	459	5010	2.雷橫	2	2.下半身	2	84	80002	0.3	0.3
	460	5010	2.雷橫	2	2.下半身	2	85	80002	0.3	0.3
	461	5010	2.雷橫	2	2.下半身	2	86	80002	0.3	0.3
	462	5010	2.雷橫	2	2.下半身	2	87	80002	0.3	0.3
	463	5010	2.雷橫	2	2.下半身	2	88	80002	0.3	0.3
	464	5010	2.雷橫	2	2.下半身	2	89	80002	0.3	0.3
	465	5010	2.雷橫	2	2.下半身	2	90	80002	0.3	0.3
	466	5010	2.雷橫	2	2.下半身	2	91	80002	0.3	0.3
	467	5010	2.雷橫	2	2.下半身	2	92	80002	0.3	0.3
	468	5010	2.雷橫	2	2.下半身	2	93	80002	0.3	0.3
	469	5010	2.雷橫	2	2.下半身	2	94	80002	0.3	0.3
	470	5010	2.雷橫	2	2.下半身	2	95	80002	0.3	0.3
	471	5010	2.雷橫	2	2.下半身	2	96	80002	0.3	0.3
	472	5010	2.雷橫	2	2.下半身	2	97	80002	0.3	0.3
	473	5010	2.雷橫	2	2.下半身	2	98	80002	0.3	0.3
	474	5010	2.雷橫	2	2.下半身	2	99	80002	0.3	0.3
	475	5010	2.雷橫	2	2.下半身	2	100	80003	0.5	0.5
	476	5010	2.雷橫	2	2.下半身	2	101	80003	0.5	0.5
	477	5010	2.雷橫	2	2.下半身	2	102	80003	0.5	0.5
	478	5010	2.雷橫	2	2.下半身	2	103	80003	0.5	0.5
	479	5010	2.雷橫	2	2.下半身	2	104	80003	0.5	0.5
	480	5010	2.雷橫	2	2.下半身	2	105	80003	0.5	0.5
	481	5010	2.雷橫	2	2.下半身	2	106	80003	0.5	0.5
	482	5010	2.雷橫	2	2.下半身	2	107	80003	0.5	0.5
	483	5010	2.雷橫	2	2.下半身	2	108	80003	0.5	0.5
	484	5010	2.雷橫	2	3.武器	3	40	80001	0.1	0.1
	485	5010	2.雷橫	2	3.武器	3	41	80001	0.1	0.1
	486	5010	2.雷橫	2	3.武器	3	42	80001	0.1	0.1
	487	5010	2.雷橫	2	3.武器	3	43	80001	0.1	0.1
	488	5010	2.雷橫	2	3.武器	3	44	80001	0.1	0.1
	489	5010	2.雷橫	2	3.武器	3	45	80001	0.1	0.1
	490	5010	2.雷橫	2	3.武器	3	46	80001	0.1	0.1
	491	5010	2.雷橫	2	3.武器	3	47	80001	0.1	0.1
	492	5010	2.雷橫	2	3.武器	3	48	80001	0.1	0.1
	493	5010	2.雷橫	2	3.武器	3	49	80001	0.1	0.1
	494	5010	2.雷橫	2	3.武器	3	50	80001	0.1	0.1
	495	5010	2.雷橫	2	3.武器	3	51	80001	0.1	0.1
	496	5010	2.雷橫	2	3.武器	3	52	80001	0.1	0.1
	497	5010	2.雷橫	2	3.武器	3	53	80001	0.1	0.1
	498	5010	2.雷橫	2	3.武器	3	54	80001	0.1	0.1
	499	5010	2.雷橫	2	3.武器	3	55	80001	0.1	0.1
	500	5010	2.雷橫	2	3.武器	3	56	80001	0.1	0.1
	501	5010	2.雷橫	2	3.武器	3	57	80001	0.1	0.1
	502	5010	2.雷橫	2	3.武器	3	58	80001	0.1	0.1
	503	5010	2.雷橫	2	3.武器	3	59	80001	0.1	0.1
	504	5010	2.雷橫	2	3.武器	3	60	80001	0.1	0.1
	505	5010	2.雷橫	2	3.武器	3	61	80001	0.1	0.1
	506	5010	2.雷橫	2	3.武器	3	62	80001	0.1	0.1
	507	5010	2.雷橫	2	3.武器	3	63	80001	0.1	0.1
	508	5010	2.雷橫	2	3.武器	3	64	80001	0.1	0.1
	509	5010	2.雷橫	2	3.武器	3	65	80001	0.1	0.1
	510	5010	2.雷橫	2	3.武器	3	66	80001	0.1	0.1
	511	5010	2.雷橫	2	3.武器	3	67	80001	0.1	0.1
	512	5010	2.雷橫	2	3.武器	3	68	80001	0.1	0.1
	513	5010	2.雷橫	2	3.武器	3	69	80001	0.1	0.1
	514	5010	2.雷橫	2	3.武器	3	70	80002	0.3	0.3
	515	5010	2.雷橫	2	3.武器	3	71	80002	0.3	0.3
	516	5010	2.雷橫	2	3.武器	3	72	80002	0.3	0.3
	517	5010	2.雷橫	2	3.武器	3	73	80002	0.3	0.3
	518	5010	2.雷橫	2	3.武器	3	74	80002	0.3	0.3
	519	5010	2.雷橫	2	3.武器	3	75	80002	0.3	0.3
	520	5010	2.雷橫	2	3.武器	3	76	80002	0.3	0.3
	521	5010	2.雷橫	2	3.武器	3	77	80002	0.3	0.3
	522	5010	2.雷橫	2	3.武器	3	78	80002	0.3	0.3
	523	5010	2.雷橫	2	3.武器	3	79	80002	0.3	0.3
	524	5010	2.雷橫	2	3.武器	3	80	80002	0.3	0.3
	525	5010	2.雷橫	2	3.武器	3	81	80002	0.3	0.3
	526	5010	2.雷橫	2	3.武器	3	82	80002	0.3	0.3
	527	5010	2.雷橫	2	3.武器	3	83	80002	0.3	0.3
	528	5010	2.雷橫	2	3.武器	3	84	80002	0.3	0.3
	529	5010	2.雷橫	2	3.武器	3	85	80002	0.3	0.3
	530	5010	2.雷橫	2	3.武器	3	86	80002	0.3	0.3
	531	5010	2.雷橫	2	3.武器	3	87	80002	0.3	0.3
	532	5010	2.雷橫	2	3.武器	3	88	80002	0.3	0.3
	533	5010	2.雷橫	2	3.武器	3	89	80002	0.3	0.3
	534	5010	2.雷橫	2	3.武器	3	90	80002	0.3	0.3
	535	5010	2.雷橫	2	3.武器	3	91	80002	0.3	0.3
	536	5010	2.雷橫	2	3.武器	3	92	80002	0.3	0.3
	537	5010	2.雷橫	2	3.武器	3	93	80002	0.3	0.3
	538	5010	2.雷橫	2	3.武器	3	94	80002	0.3	0.3
	539	5010	2.雷橫	2	3.武器	3	95	80002	0.3	0.3
	540	5010	2.雷橫	2	3.武器	3	96	80002	0.3	0.3
	541	5010	2.雷橫	2	3.武器	3	97	80002	0.3	0.3
	542	5010	2.雷橫	2	3.武器	3	98	80002	0.3	0.3
	543	5010	2.雷橫	2	3.武器	3	99	80002	0.3	0.3
	544	5010	2.雷橫	2	3.武器	3	100	80003	0.5	0.5
	545	5010	2.雷橫	2	3.武器	3	101	80003	0.5	0.5
	546	5010	2.雷橫	2	3.武器	3	102	80003	0.5	0.5
	547	5010	2.雷橫	2	3.武器	3	103	80003	0.5	0.5
	548	5010	2.雷橫	2	3.武器	3	104	80003	0.5	0.5
	549	5010	2.雷橫	2	3.武器	3	105	80003	0.5	0.5
	550	5010	2.雷橫	2	3.武器	3	106	80003	0.5	0.5
	551	5010	2.雷橫	2	3.武器	3	107	80003	0.5	0.5
	552	5010	2.雷橫	2	3.武器	3	108	80003	0.5	0.5
# 孫二娘強化特效貼圖										
	553	5010	3.孫二娘	3	0.頭部	0	40	80001	0.1	0.1
	554	5010	3.孫二娘	3	0.頭部	0	41	80001	0.1	0.1
	555	5010	3.孫二娘	3	0.頭部	0	42	80001	0.1	0.1
	556	5010	3.孫二娘	3	0.頭部	0	43	80001	0.1	0.1
	557	5010	3.孫二娘	3	0.頭部	0	44	80001	0.1	0.1
	558	5010	3.孫二娘	3	0.頭部	0	45	80001	0.1	0.1
	559	5010	3.孫二娘	3	0.頭部	0	46	80001	0.1	0.1
	560	5010	3.孫二娘	3	0.頭部	0	47	80001	0.1	0.1
	561	5010	3.孫二娘	3	0.頭部	0	48	80001	0.1	0.1
	562	5010	3.孫二娘	3	0.頭部	0	49	80001	0.1	0.1
	563	5010	3.孫二娘	3	0.頭部	0	50	80001	0.1	0.1
	564	5010	3.孫二娘	3	0.頭部	0	51	80001	0.1	0.1
	565	5010	3.孫二娘	3	0.頭部	0	52	80001	0.1	0.1
	566	5010	3.孫二娘	3	0.頭部	0	53	80001	0.1	0.1
	567	5010	3.孫二娘	3	0.頭部	0	54	80001	0.1	0.1
	568	5010	3.孫二娘	3	0.頭部	0	55	80001	0.1	0.1
	569	5010	3.孫二娘	3	0.頭部	0	56	80001	0.1	0.1
	570	5010	3.孫二娘	3	0.頭部	0	57	80001	0.1	0.1
	571	5010	3.孫二娘	3	0.頭部	0	58	80001	0.1	0.1
	572	5010	3.孫二娘	3	0.頭部	0	59	80001	0.1	0.1
	573	5010	3.孫二娘	3	0.頭部	0	60	80001	0.1	0.1
	574	5010	3.孫二娘	3	0.頭部	0	61	80001	0.1	0.1
	575	5010	3.孫二娘	3	0.頭部	0	62	80001	0.1	0.1
	576	5010	3.孫二娘	3	0.頭部	0	63	80001	0.1	0.1
	577	5010	3.孫二娘	3	0.頭部	0	64	80001	0.1	0.1
	578	5010	3.孫二娘	3	0.頭部	0	65	80001	0.1	0.1
	579	5010	3.孫二娘	3	0.頭部	0	66	80001	0.1	0.1
	580	5010	3.孫二娘	3	0.頭部	0	67	80001	0.1	0.1
	581	5010	3.孫二娘	3	0.頭部	0	68	80001	0.1	0.1
	582	5010	3.孫二娘	3	0.頭部	0	69	80001	0.1	0.1
	583	5010	3.孫二娘	3	0.頭部	0	70	80002	0.3	0.3
	584	5010	3.孫二娘	3	0.頭部	0	71	80002	0.3	0.3
	585	5010	3.孫二娘	3	0.頭部	0	72	80002	0.3	0.3
	586	5010	3.孫二娘	3	0.頭部	0	73	80002	0.3	0.3
	587	5010	3.孫二娘	3	0.頭部	0	74	80002	0.3	0.3
	588	5010	3.孫二娘	3	0.頭部	0	75	80002	0.3	0.3
	589	5010	3.孫二娘	3	0.頭部	0	76	80002	0.3	0.3
	590	5010	3.孫二娘	3	0.頭部	0	77	80002	0.3	0.3
	591	5010	3.孫二娘	3	0.頭部	0	78	80002	0.3	0.3
	592	5010	3.孫二娘	3	0.頭部	0	79	80002	0.3	0.3
	593	5010	3.孫二娘	3	0.頭部	0	80	80002	0.3	0.3
	594	5010	3.孫二娘	3	0.頭部	0	81	80002	0.3	0.3
	595	5010	3.孫二娘	3	0.頭部	0	82	80002	0.3	0.3
	596	5010	3.孫二娘	3	0.頭部	0	83	80002	0.3	0.3
	597	5010	3.孫二娘	3	0.頭部	0	84	80002	0.3	0.3
	598	5010	3.孫二娘	3	0.頭部	0	85	80002	0.3	0.3
	599	5010	3.孫二娘	3	0.頭部	0	86	80002	0.3	0.3
	600	5010	3.孫二娘	3	0.頭部	0	87	80002	0.3	0.3
	601	5010	3.孫二娘	3	0.頭部	0	88	80002	0.3	0.3
	602	5010	3.孫二娘	3	0.頭部	0	89	80002	0.3	0.3
	603	5010	3.孫二娘	3	0.頭部	0	90	80002	0.3	0.3
	604	5010	3.孫二娘	3	0.頭部	0	91	80002	0.3	0.3
	605	5010	3.孫二娘	3	0.頭部	0	92	80002	0.3	0.3
	606	5010	3.孫二娘	3	0.頭部	0	93	80002	0.3	0.3
	607	5010	3.孫二娘	3	0.頭部	0	94	80002	0.3	0.3
	608	5010	3.孫二娘	3	0.頭部	0	95	80002	0.3	0.3
	609	5010	3.孫二娘	3	0.頭部	0	96	80002	0.3	0.3
	610	5010	3.孫二娘	3	0.頭部	0	97	80002	0.3	0.3
	611	5010	3.孫二娘	3	0.頭部	0	98	80002	0.3	0.3
	612	5010	3.孫二娘	3	0.頭部	0	99	80002	0.3	0.3
	613	5010	3.孫二娘	3	0.頭部	0	100	80003	0.5	0.5
	614	5010	3.孫二娘	3	0.頭部	0	101	80003	0.5	0.5
	615	5010	3.孫二娘	3	0.頭部	0	102	80003	0.5	0.5
	616	5010	3.孫二娘	3	0.頭部	0	103	80003	0.5	0.5
	617	5010	3.孫二娘	3	0.頭部	0	104	80003	0.5	0.5
	618	5010	3.孫二娘	3	0.頭部	0	105	80003	0.5	0.5
	619	5010	3.孫二娘	3	0.頭部	0	106	80003	0.5	0.5
	620	5010	3.孫二娘	3	0.頭部	0	107	80003	0.5	0.5
	621	5010	3.孫二娘	3	0.頭部	0	108	80003	0.5	0.5
	622	5010	3.孫二娘	3	1.上半身	1	40	80001	0.1	0.1
	623	5010	3.孫二娘	3	1.上半身	1	41	80001	0.1	0.1
	624	5010	3.孫二娘	3	1.上半身	1	42	80001	0.1	0.1
	625	5010	3.孫二娘	3	1.上半身	1	43	80001	0.1	0.1
	626	5010	3.孫二娘	3	1.上半身	1	44	80001	0.1	0.1
	627	5010	3.孫二娘	3	1.上半身	1	45	80001	0.1	0.1
	628	5010	3.孫二娘	3	1.上半身	1	46	80001	0.1	0.1
	629	5010	3.孫二娘	3	1.上半身	1	47	80001	0.1	0.1
	630	5010	3.孫二娘	3	1.上半身	1	48	80001	0.1	0.1
	631	5010	3.孫二娘	3	1.上半身	1	49	80001	0.1	0.1
	632	5010	3.孫二娘	3	1.上半身	1	50	80001	0.1	0.1
	633	5010	3.孫二娘	3	1.上半身	1	51	80001	0.1	0.1
	634	5010	3.孫二娘	3	1.上半身	1	52	80001	0.1	0.1
	635	5010	3.孫二娘	3	1.上半身	1	53	80001	0.1	0.1
	636	5010	3.孫二娘	3	1.上半身	1	54	80001	0.1	0.1
	637	5010	3.孫二娘	3	1.上半身	1	55	80001	0.1	0.1
	638	5010	3.孫二娘	3	1.上半身	1	56	80001	0.1	0.1
	639	5010	3.孫二娘	3	1.上半身	1	57	80001	0.1	0.1
	640	5010	3.孫二娘	3	1.上半身	1	58	80001	0.1	0.1
	641	5010	3.孫二娘	3	1.上半身	1	59	80001	0.1	0.1
	642	5010	3.孫二娘	3	1.上半身	1	60	80001	0.1	0.1
	643	5010	3.孫二娘	3	1.上半身	1	61	80001	0.1	0.1
	644	5010	3.孫二娘	3	1.上半身	1	62	80001	0.1	0.1
	645	5010	3.孫二娘	3	1.上半身	1	63	80001	0.1	0.1
	646	5010	3.孫二娘	3	1.上半身	1	64	80001	0.1	0.1
	647	5010	3.孫二娘	3	1.上半身	1	65	80001	0.1	0.1
	648	5010	3.孫二娘	3	1.上半身	1	66	80001	0.1	0.1
	649	5010	3.孫二娘	3	1.上半身	1	67	80001	0.1	0.1
	650	5010	3.孫二娘	3	1.上半身	1	68	80001	0.1	0.1
	651	5010	3.孫二娘	3	1.上半身	1	69	80001	0.1	0.1
	652	5010	3.孫二娘	3	1.上半身	1	70	80002	0.3	0.3
	653	5010	3.孫二娘	3	1.上半身	1	71	80002	0.3	0.3
	654	5010	3.孫二娘	3	1.上半身	1	72	80002	0.3	0.3
	655	5010	3.孫二娘	3	1.上半身	1	73	80002	0.3	0.3
	656	5010	3.孫二娘	3	1.上半身	1	74	80002	0.3	0.3
	657	5010	3.孫二娘	3	1.上半身	1	75	80002	0.3	0.3
	658	5010	3.孫二娘	3	1.上半身	1	76	80002	0.3	0.3
	659	5010	3.孫二娘	3	1.上半身	1	77	80002	0.3	0.3
	660	5010	3.孫二娘	3	1.上半身	1	78	80002	0.3	0.3
	661	5010	3.孫二娘	3	1.上半身	1	79	80002	0.3	0.3
	662	5010	3.孫二娘	3	1.上半身	1	80	80002	0.3	0.3
	663	5010	3.孫二娘	3	1.上半身	1	81	80002	0.3	0.3
	664	5010	3.孫二娘	3	1.上半身	1	82	80002	0.3	0.3
	665	5010	3.孫二娘	3	1.上半身	1	83	80002	0.3	0.3
	666	5010	3.孫二娘	3	1.上半身	1	84	80002	0.3	0.3
	667	5010	3.孫二娘	3	1.上半身	1	85	80002	0.3	0.3
	668	5010	3.孫二娘	3	1.上半身	1	86	80002	0.3	0.3
	669	5010	3.孫二娘	3	1.上半身	1	87	80002	0.3	0.3
	670	5010	3.孫二娘	3	1.上半身	1	88	80002	0.3	0.3
	671	5010	3.孫二娘	3	1.上半身	1	89	80002	0.3	0.3
	672	5010	3.孫二娘	3	1.上半身	1	90	80002	0.3	0.3
	673	5010	3.孫二娘	3	1.上半身	1	91	80002	0.3	0.3
	674	5010	3.孫二娘	3	1.上半身	1	92	80002	0.3	0.3
	675	5010	3.孫二娘	3	1.上半身	1	93	80002	0.3	0.3
	676	5010	3.孫二娘	3	1.上半身	1	94	80002	0.3	0.3
	677	5010	3.孫二娘	3	1.上半身	1	95	80002	0.3	0.3
	678	5010	3.孫二娘	3	1.上半身	1	96	80002	0.3	0.3
	679	5010	3.孫二娘	3	1.上半身	1	97	80002	0.3	0.3
	680	5010	3.孫二娘	3	1.上半身	1	98	80002	0.3	0.3
	681	5010	3.孫二娘	3	1.上半身	1	99	80002	0.3	0.3
	682	5010	3.孫二娘	3	1.上半身	1	100	80003	0.5	0.5
	683	5010	3.孫二娘	3	1.上半身	1	101	80003	0.5	0.5
	684	5010	3.孫二娘	3	1.上半身	1	102	80003	0.5	0.5
	685	5010	3.孫二娘	3	1.上半身	1	103	80003	0.5	0.5
	686	5010	3.孫二娘	3	1.上半身	1	104	80003	0.5	0.5
	687	5010	3.孫二娘	3	1.上半身	1	105	80003	0.5	0.5
	688	5010	3.孫二娘	3	1.上半身	1	106	80003	0.5	0.5
	689	5010	3.孫二娘	3	1.上半身	1	107	80003	0.5	0.5
	690	5010	3.孫二娘	3	1.上半身	1	108	80003	0.5	0.5
	691	5010	3.孫二娘	3	2.下半身	2	40	80001	0.1	0.1
	692	5010	3.孫二娘	3	2.下半身	2	41	80001	0.1	0.1
	693	5010	3.孫二娘	3	2.下半身	2	42	80001	0.1	0.1
	694	5010	3.孫二娘	3	2.下半身	2	43	80001	0.1	0.1
	695	5010	3.孫二娘	3	2.下半身	2	44	80001	0.1	0.1
	696	5010	3.孫二娘	3	2.下半身	2	45	80001	0.1	0.1
	697	5010	3.孫二娘	3	2.下半身	2	46	80001	0.1	0.1
	698	5010	3.孫二娘	3	2.下半身	2	47	80001	0.1	0.1
	699	5010	3.孫二娘	3	2.下半身	2	48	80001	0.1	0.1
	700	5010	3.孫二娘	3	2.下半身	2	49	80001	0.1	0.1
	701	5010	3.孫二娘	3	2.下半身	2	50	80001	0.1	0.1
	702	5010	3.孫二娘	3	2.下半身	2	51	80001	0.1	0.1
	703	5010	3.孫二娘	3	2.下半身	2	52	80001	0.1	0.1
	704	5010	3.孫二娘	3	2.下半身	2	53	80001	0.1	0.1
	705	5010	3.孫二娘	3	2.下半身	2	54	80001	0.1	0.1
	706	5010	3.孫二娘	3	2.下半身	2	55	80001	0.1	0.1
	707	5010	3.孫二娘	3	2.下半身	2	56	80001	0.1	0.1
	708	5010	3.孫二娘	3	2.下半身	2	57	80001	0.1	0.1
	709	5010	3.孫二娘	3	2.下半身	2	58	80001	0.1	0.1
	710	5010	3.孫二娘	3	2.下半身	2	59	80001	0.1	0.1
	711	5010	3.孫二娘	3	2.下半身	2	60	80001	0.1	0.1
	712	5010	3.孫二娘	3	2.下半身	2	61	80001	0.1	0.1
	713	5010	3.孫二娘	3	2.下半身	2	62	80001	0.1	0.1
	714	5010	3.孫二娘	3	2.下半身	2	63	80001	0.1	0.1
	715	5010	3.孫二娘	3	2.下半身	2	64	80001	0.1	0.1
	716	5010	3.孫二娘	3	2.下半身	2	65	80001	0.1	0.1
	717	5010	3.孫二娘	3	2.下半身	2	66	80001	0.1	0.1
	718	5010	3.孫二娘	3	2.下半身	2	67	80001	0.1	0.1
	719	5010	3.孫二娘	3	2.下半身	2	68	80001	0.1	0.1
	720	5010	3.孫二娘	3	2.下半身	2	69	80001	0.1	0.1
	721	5010	3.孫二娘	3	2.下半身	2	70	80002	0.3	0.3
	722	5010	3.孫二娘	3	2.下半身	2	71	80002	0.3	0.3
	723	5010	3.孫二娘	3	2.下半身	2	72	80002	0.3	0.3
	724	5010	3.孫二娘	3	2.下半身	2	73	80002	0.3	0.3
	725	5010	3.孫二娘	3	2.下半身	2	74	80002	0.3	0.3
	726	5010	3.孫二娘	3	2.下半身	2	75	80002	0.3	0.3
	727	5010	3.孫二娘	3	2.下半身	2	76	80002	0.3	0.3
	728	5010	3.孫二娘	3	2.下半身	2	77	80002	0.3	0.3
	729	5010	3.孫二娘	3	2.下半身	2	78	80002	0.3	0.3
	730	5010	3.孫二娘	3	2.下半身	2	79	80002	0.3	0.3
	731	5010	3.孫二娘	3	2.下半身	2	80	80002	0.3	0.3
	732	5010	3.孫二娘	3	2.下半身	2	81	80002	0.3	0.3
	733	5010	3.孫二娘	3	2.下半身	2	82	80002	0.3	0.3
	734	5010	3.孫二娘	3	2.下半身	2	83	80002	0.3	0.3
	735	5010	3.孫二娘	3	2.下半身	2	84	80002	0.3	0.3
	736	5010	3.孫二娘	3	2.下半身	2	85	80002	0.3	0.3
	737	5010	3.孫二娘	3	2.下半身	2	86	80002	0.3	0.3
	738	5010	3.孫二娘	3	2.下半身	2	87	80002	0.3	0.3
	739	5010	3.孫二娘	3	2.下半身	2	88	80002	0.3	0.3
	740	5010	3.孫二娘	3	2.下半身	2	89	80002	0.3	0.3
	741	5010	3.孫二娘	3	2.下半身	2	90	80002	0.3	0.3
	742	5010	3.孫二娘	3	2.下半身	2	91	80002	0.3	0.3
	743	5010	3.孫二娘	3	2.下半身	2	92	80002	0.3	0.3
	744	5010	3.孫二娘	3	2.下半身	2	93	80002	0.3	0.3
	745	5010	3.孫二娘	3	2.下半身	2	94	80002	0.3	0.3
	746	5010	3.孫二娘	3	2.下半身	2	95	80002	0.3	0.3
	747	5010	3.孫二娘	3	2.下半身	2	96	80002	0.3	0.3
	748	5010	3.孫二娘	3	2.下半身	2	97	80002	0.3	0.3
	749	5010	3.孫二娘	3	2.下半身	2	98	80002	0.3	0.3
	750	5010	3.孫二娘	3	2.下半身	2	99	80002	0.3	0.3
	751	5010	3.孫二娘	3	2.下半身	2	100	80003	0.5	0.5
	752	5010	3.孫二娘	3	2.下半身	2	101	80003	0.5	0.5
	753	5010	3.孫二娘	3	2.下半身	2	102	80003	0.5	0.5
	754	5010	3.孫二娘	3	2.下半身	2	103	80003	0.5	0.5
	755	5010	3.孫二娘	3	2.下半身	2	104	80003	0.5	0.5
	756	5010	3.孫二娘	3	2.下半身	2	105	80003	0.5	0.5
	757	5010	3.孫二娘	3	2.下半身	2	106	80003	0.5	0.5
	758	5010	3.孫二娘	3	2.下半身	2	107	80003	0.5	0.5
	759	5010	3.孫二娘	3	2.下半身	2	108	80003	0.5	0.5
	760	5010	3.孫二娘	3	3.武器	3	40	80001	0.1	0.1
	761	5010	3.孫二娘	3	3.武器	3	41	80001	0.1	0.1
	762	5010	3.孫二娘	3	3.武器	3	42	80001	0.1	0.1
	763	5010	3.孫二娘	3	3.武器	3	43	80001	0.1	0.1
	764	5010	3.孫二娘	3	3.武器	3	44	80001	0.1	0.1
	765	5010	3.孫二娘	3	3.武器	3	45	80001	0.1	0.1
	766	5010	3.孫二娘	3	3.武器	3	46	80001	0.1	0.1
	767	5010	3.孫二娘	3	3.武器	3	47	80001	0.1	0.1
	768	5010	3.孫二娘	3	3.武器	3	48	80001	0.1	0.1
	769	5010	3.孫二娘	3	3.武器	3	49	80001	0.1	0.1
	770	5010	3.孫二娘	3	3.武器	3	50	80001	0.1	0.1
	771	5010	3.孫二娘	3	3.武器	3	51	80001	0.1	0.1
	772	5010	3.孫二娘	3	3.武器	3	52	80001	0.1	0.1
	773	5010	3.孫二娘	3	3.武器	3	53	80001	0.1	0.1
	774	5010	3.孫二娘	3	3.武器	3	54	80001	0.1	0.1
	775	5010	3.孫二娘	3	3.武器	3	55	80001	0.1	0.1
	776	5010	3.孫二娘	3	3.武器	3	56	80001	0.1	0.1
	777	5010	3.孫二娘	3	3.武器	3	57	80001	0.1	0.1
	778	5010	3.孫二娘	3	3.武器	3	58	80001	0.1	0.1
	779	5010	3.孫二娘	3	3.武器	3	59	80001	0.1	0.1
	780	5010	3.孫二娘	3	3.武器	3	60	80001	0.1	0.1
	781	5010	3.孫二娘	3	3.武器	3	61	80001	0.1	0.1
	782	5010	3.孫二娘	3	3.武器	3	62	80001	0.1	0.1
	783	5010	3.孫二娘	3	3.武器	3	63	80001	0.1	0.1
	784	5010	3.孫二娘	3	3.武器	3	64	80001	0.1	0.1
	785	5010	3.孫二娘	3	3.武器	3	65	80001	0.1	0.1
	786	5010	3.孫二娘	3	3.武器	3	66	80001	0.1	0.1
	787	5010	3.孫二娘	3	3.武器	3	67	80001	0.1	0.1
	788	5010	3.孫二娘	3	3.武器	3	68	80001	0.1	0.1
	789	5010	3.孫二娘	3	3.武器	3	69	80001	0.1	0.1
	790	5010	3.孫二娘	3	3.武器	3	70	80002	0.3	0.3
	791	5010	3.孫二娘	3	3.武器	3	71	80002	0.3	0.3
	792	5010	3.孫二娘	3	3.武器	3	72	80002	0.3	0.3
	793	5010	3.孫二娘	3	3.武器	3	73	80002	0.3	0.3
	794	5010	3.孫二娘	3	3.武器	3	74	80002	0.3	0.3
	795	5010	3.孫二娘	3	3.武器	3	75	80002	0.3	0.3
	796	5010	3.孫二娘	3	3.武器	3	76	80002	0.3	0.3
	797	5010	3.孫二娘	3	3.武器	3	77	80002	0.3	0.3
	798	5010	3.孫二娘	3	3.武器	3	78	80002	0.3	0.3
	799	5010	3.孫二娘	3	3.武器	3	79	80002	0.3	0.3
	800	5010	3.孫二娘	3	3.武器	3	80	80002	0.3	0.3
	801	5010	3.孫二娘	3	3.武器	3	81	80002	0.3	0.3
	802	5010	3.孫二娘	3	3.武器	3	82	80002	0.3	0.3
	803	5010	3.孫二娘	3	3.武器	3	83	80002	0.3	0.3
	804	5010	3.孫二娘	3	3.武器	3	84	80002	0.3	0.3
	805	5010	3.孫二娘	3	3.武器	3	85	80002	0.3	0.3
	806	5010	3.孫二娘	3	3.武器	3	86	80002	0.3	0.3
	807	5010	3.孫二娘	3	3.武器	3	87	80002	0.3	0.3
	808	5010	3.孫二娘	3	3.武器	3	88	80002	0.3	0.3
	809	5010	3.孫二娘	3	3.武器	3	89	80002	0.3	0.3
	810	5010	3.孫二娘	3	3.武器	3	90	80002	0.3	0.3
	811	5010	3.孫二娘	3	3.武器	3	91	80002	0.3	0.3
	812	5010	3.孫二娘	3	3.武器	3	92	80002	0.3	0.3
	813	5010	3.孫二娘	3	3.武器	3	93	80002	0.3	0.3
	814	5010	3.孫二娘	3	3.武器	3	94	80002	0.3	0.3
	815	5010	3.孫二娘	3	3.武器	3	95	80002	0.3	0.3
	816	5010	3.孫二娘	3	3.武器	3	96	80002	0.3	0.3
	817	5010	3.孫二娘	3	3.武器	3	97	80002	0.3	0.3
	818	5010	3.孫二娘	3	3.武器	3	98	80002	0.3	0.3
	819	5010	3.孫二娘	3	3.武器	3	99	80002	0.3	0.3
	820	5010	3.孫二娘	3	3.武器	3	100	80003	0.5	0.5
	821	5010	3.孫二娘	3	3.武器	3	101	80003	0.5	0.5
	822	5010	3.孫二娘	3	3.武器	3	102	80003	0.5	0.5
	823	5010	3.孫二娘	3	3.武器	3	103	80003	0.5	0.5
	824	5010	3.孫二娘	3	3.武器	3	104	80003	0.5	0.5
	825	5010	3.孫二娘	3	3.武器	3	105	80003	0.5	0.5
	826	5010	3.孫二娘	3	3.武器	3	106	80003	0.5	0.5
	827	5010	3.孫二娘	3	3.武器	3	107	80003	0.5	0.5
	828	5010	3.孫二娘	3	3.武器	3	108	80003	0.5	0.5
# 戴宗強化特效貼圖										
	829	5010	4.戴宗	4	0.頭部	0	40	80001	0.1	0.1
	830	5010	4.戴宗	4	0.頭部	0	41	80001	0.1	0.1
	831	5010	4.戴宗	4	0.頭部	0	42	80001	0.1	0.1
	832	5010	4.戴宗	4	0.頭部	0	43	80001	0.1	0.1
	833	5010	4.戴宗	4	0.頭部	0	44	80001	0.1	0.1
	834	5010	4.戴宗	4	0.頭部	0	45	80001	0.1	0.1
	835	5010	4.戴宗	4	0.頭部	0	46	80001	0.1	0.1
	836	5010	4.戴宗	4	0.頭部	0	47	80001	0.1	0.1
	837	5010	4.戴宗	4	0.頭部	0	48	80001	0.1	0.1
	838	5010	4.戴宗	4	0.頭部	0	49	80001	0.1	0.1
	839	5010	4.戴宗	4	0.頭部	0	50	80001	0.1	0.1
	840	5010	4.戴宗	4	0.頭部	0	51	80001	0.1	0.1
	841	5010	4.戴宗	4	0.頭部	0	52	80001	0.1	0.1
	842	5010	4.戴宗	4	0.頭部	0	53	80001	0.1	0.1
	843	5010	4.戴宗	4	0.頭部	0	54	80001	0.1	0.1
	844	5010	4.戴宗	4	0.頭部	0	55	80001	0.1	0.1
	845	5010	4.戴宗	4	0.頭部	0	56	80001	0.1	0.1
	846	5010	4.戴宗	4	0.頭部	0	57	80001	0.1	0.1
	847	5010	4.戴宗	4	0.頭部	0	58	80001	0.1	0.1
	848	5010	4.戴宗	4	0.頭部	0	59	80001	0.1	0.1
	849	5010	4.戴宗	4	0.頭部	0	60	80001	0.1	0.1
	850	5010	4.戴宗	4	0.頭部	0	61	80001	0.1	0.1
	851	5010	4.戴宗	4	0.頭部	0	62	80001	0.1	0.1
	852	5010	4.戴宗	4	0.頭部	0	63	80001	0.1	0.1
	853	5010	4.戴宗	4	0.頭部	0	64	80001	0.1	0.1
	854	5010	4.戴宗	4	0.頭部	0	65	80001	0.1	0.1
	855	5010	4.戴宗	4	0.頭部	0	66	80001	0.1	0.1
	856	5010	4.戴宗	4	0.頭部	0	67	80001	0.1	0.1
	857	5010	4.戴宗	4	0.頭部	0	68	80001	0.1	0.1
	858	5010	4.戴宗	4	0.頭部	0	69	80001	0.1	0.1
	859	5010	4.戴宗	4	0.頭部	0	70	80002	0.3	0.3
	860	5010	4.戴宗	4	0.頭部	0	71	80002	0.3	0.3
	861	5010	4.戴宗	4	0.頭部	0	72	80002	0.3	0.3
	862	5010	4.戴宗	4	0.頭部	0	73	80002	0.3	0.3
	863	5010	4.戴宗	4	0.頭部	0	74	80002	0.3	0.3
	864	5010	4.戴宗	4	0.頭部	0	75	80002	0.3	0.3
	865	5010	4.戴宗	4	0.頭部	0	76	80002	0.3	0.3
	866	5010	4.戴宗	4	0.頭部	0	77	80002	0.3	0.3
	867	5010	4.戴宗	4	0.頭部	0	78	80002	0.3	0.3
	868	5010	4.戴宗	4	0.頭部	0	79	80002	0.3	0.3
	869	5010	4.戴宗	4	0.頭部	0	80	80002	0.3	0.3
	870	5010	4.戴宗	4	0.頭部	0	81	80002	0.3	0.3
	871	5010	4.戴宗	4	0.頭部	0	82	80002	0.3	0.3
	872	5010	4.戴宗	4	0.頭部	0	83	80002	0.3	0.3
	873	5010	4.戴宗	4	0.頭部	0	84	80002	0.3	0.3
	874	5010	4.戴宗	4	0.頭部	0	85	80002	0.3	0.3
	875	5010	4.戴宗	4	0.頭部	0	86	80002	0.3	0.3
	876	5010	4.戴宗	4	0.頭部	0	87	80002	0.3	0.3
	877	5010	4.戴宗	4	0.頭部	0	88	80002	0.3	0.3
	878	5010	4.戴宗	4	0.頭部	0	89	80002	0.3	0.3
	879	5010	4.戴宗	4	0.頭部	0	90	80002	0.3	0.3
	880	5010	4.戴宗	4	0.頭部	0	91	80002	0.3	0.3
	881	5010	4.戴宗	4	0.頭部	0	92	80002	0.3	0.3
	882	5010	4.戴宗	4	0.頭部	0	93	80002	0.3	0.3
	883	5010	4.戴宗	4	0.頭部	0	94	80002	0.3	0.3
	884	5010	4.戴宗	4	0.頭部	0	95	80002	0.3	0.3
	885	5010	4.戴宗	4	0.頭部	0	96	80002	0.3	0.3
	886	5010	4.戴宗	4	0.頭部	0	97	80002	0.3	0.3
	887	5010	4.戴宗	4	0.頭部	0	98	80002	0.3	0.3
	888	5010	4.戴宗	4	0.頭部	0	99	80002	0.3	0.3
	889	5010	4.戴宗	4	0.頭部	0	100	80003	0.5	0.5
	890	5010	4.戴宗	4	0.頭部	0	101	80003	0.5	0.5
	891	5010	4.戴宗	4	0.頭部	0	102	80003	0.5	0.5
	892	5010	4.戴宗	4	0.頭部	0	103	80003	0.5	0.5
	893	5010	4.戴宗	4	0.頭部	0	104	80003	0.5	0.5
	894	5010	4.戴宗	4	0.頭部	0	105	80003	0.5	0.5
	895	5010	4.戴宗	4	0.頭部	0	106	80003	0.5	0.5
	896	5010	4.戴宗	4	0.頭部	0	107	80003	0.5	0.5
	897	5010	4.戴宗	4	0.頭部	0	108	80003	0.5	0.5
	898	5010	4.戴宗	4	1.上半身	1	40	80001	0.1	0.1
	899	5010	4.戴宗	4	1.上半身	1	41	80001	0.1	0.1
	900	5010	4.戴宗	4	1.上半身	1	42	80001	0.1	0.1
	901	5010	4.戴宗	4	1.上半身	1	43	80001	0.1	0.1
	902	5010	4.戴宗	4	1.上半身	1	44	80001	0.1	0.1
	903	5010	4.戴宗	4	1.上半身	1	45	80001	0.1	0.1
	904	5010	4.戴宗	4	1.上半身	1	46	80001	0.1	0.1
	905	5010	4.戴宗	4	1.上半身	1	47	80001	0.1	0.1
	906	5010	4.戴宗	4	1.上半身	1	48	80001	0.1	0.1
	907	5010	4.戴宗	4	1.上半身	1	49	80001	0.1	0.1
	908	5010	4.戴宗	4	1.上半身	1	50	80001	0.1	0.1
	909	5010	4.戴宗	4	1.上半身	1	51	80001	0.1	0.1
	910	5010	4.戴宗	4	1.上半身	1	52	80001	0.1	0.1
	911	5010	4.戴宗	4	1.上半身	1	53	80001	0.1	0.1
	912	5010	4.戴宗	4	1.上半身	1	54	80001	0.1	0.1
	913	5010	4.戴宗	4	1.上半身	1	55	80001	0.1	0.1
	914	5010	4.戴宗	4	1.上半身	1	56	80001	0.1	0.1
	915	5010	4.戴宗	4	1.上半身	1	57	80001	0.1	0.1
	916	5010	4.戴宗	4	1.上半身	1	58	80001	0.1	0.1
	917	5010	4.戴宗	4	1.上半身	1	59	80001	0.1	0.1
	918	5010	4.戴宗	4	1.上半身	1	60	80001	0.1	0.1
	919	5010	4.戴宗	4	1.上半身	1	61	80001	0.1	0.1
	920	5010	4.戴宗	4	1.上半身	1	62	80001	0.1	0.1
	921	5010	4.戴宗	4	1.上半身	1	63	80001	0.1	0.1
	922	5010	4.戴宗	4	1.上半身	1	64	80001	0.1	0.1
	923	5010	4.戴宗	4	1.上半身	1	65	80001	0.1	0.1
	924	5010	4.戴宗	4	1.上半身	1	66	80001	0.1	0.1
	925	5010	4.戴宗	4	1.上半身	1	67	80001	0.1	0.1
	926	5010	4.戴宗	4	1.上半身	1	68	80001	0.1	0.1
	927	5010	4.戴宗	4	1.上半身	1	69	80001	0.1	0.1
	928	5010	4.戴宗	4	1.上半身	1	70	80002	0.3	0.3
	929	5010	4.戴宗	4	1.上半身	1	71	80002	0.3	0.3
	930	5010	4.戴宗	4	1.上半身	1	72	80002	0.3	0.3
	931	5010	4.戴宗	4	1.上半身	1	73	80002	0.3	0.3
	932	5010	4.戴宗	4	1.上半身	1	74	80002	0.3	0.3
	933	5010	4.戴宗	4	1.上半身	1	75	80002	0.3	0.3
	934	5010	4.戴宗	4	1.上半身	1	76	80002	0.3	0.3
	935	5010	4.戴宗	4	1.上半身	1	77	80002	0.3	0.3
	936	5010	4.戴宗	4	1.上半身	1	78	80002	0.3	0.3
	937	5010	4.戴宗	4	1.上半身	1	79	80002	0.3	0.3
	938	5010	4.戴宗	4	1.上半身	1	80	80002	0.3	0.3
	939	5010	4.戴宗	4	1.上半身	1	81	80002	0.3	0.3
	940	5010	4.戴宗	4	1.上半身	1	82	80002	0.3	0.3
	941	5010	4.戴宗	4	1.上半身	1	83	80002	0.3	0.3
	942	5010	4.戴宗	4	1.上半身	1	84	80002	0.3	0.3
	943	5010	4.戴宗	4	1.上半身	1	85	80002	0.3	0.3
	944	5010	4.戴宗	4	1.上半身	1	86	80002	0.3	0.3
	945	5010	4.戴宗	4	1.上半身	1	87	80002	0.3	0.3
	946	5010	4.戴宗	4	1.上半身	1	88	80002	0.3	0.3
	947	5010	4.戴宗	4	1.上半身	1	89	80002	0.3	0.3
	948	5010	4.戴宗	4	1.上半身	1	90	80002	0.3	0.3
	949	5010	4.戴宗	4	1.上半身	1	91	80002	0.3	0.3
	950	5010	4.戴宗	4	1.上半身	1	92	80002	0.3	0.3
	951	5010	4.戴宗	4	1.上半身	1	93	80002	0.3	0.3
	952	5010	4.戴宗	4	1.上半身	1	94	80002	0.3	0.3
	953	5010	4.戴宗	4	1.上半身	1	95	80002	0.3	0.3
	954	5010	4.戴宗	4	1.上半身	1	96	80002	0.3	0.3
	955	5010	4.戴宗	4	1.上半身	1	97	80002	0.3	0.3
	956	5010	4.戴宗	4	1.上半身	1	98	80002	0.3	0.3
	957	5010	4.戴宗	4	1.上半身	1	99	80002	0.3	0.3
	958	5010	4.戴宗	4	1.上半身	1	100	80003	0.5	0.5
	959	5010	4.戴宗	4	1.上半身	1	101	80003	0.5	0.5
	960	5010	4.戴宗	4	1.上半身	1	102	80003	0.5	0.5
	961	5010	4.戴宗	4	1.上半身	1	103	80003	0.5	0.5
	962	5010	4.戴宗	4	1.上半身	1	104	80003	0.5	0.5
	963	5010	4.戴宗	4	1.上半身	1	105	80003	0.5	0.5
	964	5010	4.戴宗	4	1.上半身	1	106	80003	0.5	0.5
	965	5010	4.戴宗	4	1.上半身	1	107	80003	0.5	0.5
	966	5010	4.戴宗	4	1.上半身	1	108	80003	0.5	0.5
	967	5010	4.戴宗	4	2.下半身	2	40	80001	0.1	0.1
	968	5010	4.戴宗	4	2.下半身	2	41	80001	0.1	0.1
	969	5010	4.戴宗	4	2.下半身	2	42	80001	0.1	0.1
	970	5010	4.戴宗	4	2.下半身	2	43	80001	0.1	0.1
	971	5010	4.戴宗	4	2.下半身	2	44	80001	0.1	0.1
	972	5010	4.戴宗	4	2.下半身	2	45	80001	0.1	0.1
	973	5010	4.戴宗	4	2.下半身	2	46	80001	0.1	0.1
	974	5010	4.戴宗	4	2.下半身	2	47	80001	0.1	0.1
	975	5010	4.戴宗	4	2.下半身	2	48	80001	0.1	0.1
	976	5010	4.戴宗	4	2.下半身	2	49	80001	0.1	0.1
	977	5010	4.戴宗	4	2.下半身	2	50	80001	0.1	0.1
	978	5010	4.戴宗	4	2.下半身	2	51	80001	0.1	0.1
	979	5010	4.戴宗	4	2.下半身	2	52	80001	0.1	0.1
	980	5010	4.戴宗	4	2.下半身	2	53	80001	0.1	0.1
	981	5010	4.戴宗	4	2.下半身	2	54	80001	0.1	0.1
	982	5010	4.戴宗	4	2.下半身	2	55	80001	0.1	0.1
	983	5010	4.戴宗	4	2.下半身	2	56	80001	0.1	0.1
	984	5010	4.戴宗	4	2.下半身	2	57	80001	0.1	0.1
	985	5010	4.戴宗	4	2.下半身	2	58	80001	0.1	0.1
	986	5010	4.戴宗	4	2.下半身	2	59	80001	0.1	0.1
	987	5010	4.戴宗	4	2.下半身	2	60	80001	0.1	0.1
	988	5010	4.戴宗	4	2.下半身	2	61	80001	0.1	0.1
	989	5010	4.戴宗	4	2.下半身	2	62	80001	0.1	0.1
	990	5010	4.戴宗	4	2.下半身	2	63	80001	0.1	0.1
	991	5010	4.戴宗	4	2.下半身	2	64	80001	0.1	0.1
	992	5010	4.戴宗	4	2.下半身	2	65	80001	0.1	0.1
	993	5010	4.戴宗	4	2.下半身	2	66	80001	0.1	0.1
	994	5010	4.戴宗	4	2.下半身	2	67	80001	0.1	0.1
	995	5010	4.戴宗	4	2.下半身	2	68	80001	0.1	0.1
	996	5010	4.戴宗	4	2.下半身	2	69	80001	0.1	0.1
	997	5010	4.戴宗	4	2.下半身	2	70	80002	0.3	0.3
	998	5010	4.戴宗	4	2.下半身	2	71	80002	0.3	0.3
	999	5010	4.戴宗	4	2.下半身	2	72	80002	0.3	0.3
	1000	5010	4.戴宗	4	2.下半身	2	73	80002	0.3	0.3
	1001	5010	4.戴宗	4	2.下半身	2	74	80002	0.3	0.3
	1002	5010	4.戴宗	4	2.下半身	2	75	80002	0.3	0.3
	1003	5010	4.戴宗	4	2.下半身	2	76	80002	0.3	0.3
	1004	5010	4.戴宗	4	2.下半身	2	77	80002	0.3	0.3
	1005	5010	4.戴宗	4	2.下半身	2	78	80002	0.3	0.3
	1006	5010	4.戴宗	4	2.下半身	2	79	80002	0.3	0.3
	1007	5010	4.戴宗	4	2.下半身	2	80	80002	0.3	0.3
	1008	5010	4.戴宗	4	2.下半身	2	81	80002	0.3	0.3
	1009	5010	4.戴宗	4	2.下半身	2	82	80002	0.3	0.3
	1010	5010	4.戴宗	4	2.下半身	2	83	80002	0.3	0.3
	1011	5010	4.戴宗	4	2.下半身	2	84	80002	0.3	0.3
	1012	5010	4.戴宗	4	2.下半身	2	85	80002	0.3	0.3
	1013	5010	4.戴宗	4	2.下半身	2	86	80002	0.3	0.3
	1014	5010	4.戴宗	4	2.下半身	2	87	80002	0.3	0.3
	1015	5010	4.戴宗	4	2.下半身	2	88	80002	0.3	0.3
	1016	5010	4.戴宗	4	2.下半身	2	89	80002	0.3	0.3
	1017	5010	4.戴宗	4	2.下半身	2	90	80002	0.3	0.3
	1018	5010	4.戴宗	4	2.下半身	2	91	80002	0.3	0.3
	1019	5010	4.戴宗	4	2.下半身	2	92	80002	0.3	0.3
	1020	5010	4.戴宗	4	2.下半身	2	93	80002	0.3	0.3
	1021	5010	4.戴宗	4	2.下半身	2	94	80002	0.3	0.3
	1022	5010	4.戴宗	4	2.下半身	2	95	80002	0.3	0.3
	1023	5010	4.戴宗	4	2.下半身	2	96	80002	0.3	0.3
	1024	5010	4.戴宗	4	2.下半身	2	97	80002	0.3	0.3
	1025	5010	4.戴宗	4	2.下半身	2	98	80002	0.3	0.3
	1026	5010	4.戴宗	4	2.下半身	2	99	80002	0.3	0.3
	1027	5010	4.戴宗	4	2.下半身	2	100	80003	0.5	0.5
	1028	5010	4.戴宗	4	2.下半身	2	101	80003	0.5	0.5
	1029	5010	4.戴宗	4	2.下半身	2	102	80003	0.5	0.5
	1030	5010	4.戴宗	4	2.下半身	2	103	80003	0.5	0.5
	1031	5010	4.戴宗	4	2.下半身	2	104	80003	0.5	0.5
	1032	5010	4.戴宗	4	2.下半身	2	105	80003	0.5	0.5
	1033	5010	4.戴宗	4	2.下半身	2	106	80003	0.5	0.5
	1034	5010	4.戴宗	4	2.下半身	2	107	80003	0.5	0.5
	1035	5010	4.戴宗	4	2.下半身	2	108	80003	0.5	0.5
	1036	5010	4.戴宗	4	3.武器	3	40	80001	0.1	0.1
	1037	5010	4.戴宗	4	3.武器	3	41	80001	0.1	0.1
	1038	5010	4.戴宗	4	3.武器	3	42	80001	0.1	0.1
	1039	5010	4.戴宗	4	3.武器	3	43	80001	0.1	0.1
	1040	5010	4.戴宗	4	3.武器	3	44	80001	0.1	0.1
	1041	5010	4.戴宗	4	3.武器	3	45	80001	0.1	0.1
	1042	5010	4.戴宗	4	3.武器	3	46	80001	0.1	0.1
	1043	5010	4.戴宗	4	3.武器	3	47	80001	0.1	0.1
	1044	5010	4.戴宗	4	3.武器	3	48	80001	0.1	0.1
	1045	5010	4.戴宗	4	3.武器	3	49	80001	0.1	0.1
	1046	5010	4.戴宗	4	3.武器	3	50	80001	0.1	0.1
	1047	5010	4.戴宗	4	3.武器	3	51	80001	0.1	0.1
	1048	5010	4.戴宗	4	3.武器	3	52	80001	0.1	0.1
	1049	5010	4.戴宗	4	3.武器	3	53	80001	0.1	0.1
	1050	5010	4.戴宗	4	3.武器	3	54	80001	0.1	0.1
	1051	5010	4.戴宗	4	3.武器	3	55	80001	0.1	0.1
	1052	5010	4.戴宗	4	3.武器	3	56	80001	0.1	0.1
	1053	5010	4.戴宗	4	3.武器	3	57	80001	0.1	0.1
	1054	5010	4.戴宗	4	3.武器	3	58	80001	0.1	0.1
	1055	5010	4.戴宗	4	3.武器	3	59	80001	0.1	0.1
	1056	5010	4.戴宗	4	3.武器	3	60	80001	0.1	0.1
	1057	5010	4.戴宗	4	3.武器	3	61	80001	0.1	0.1
	1058	5010	4.戴宗	4	3.武器	3	62	80001	0.1	0.1
	1059	5010	4.戴宗	4	3.武器	3	63	80001	0.1	0.1
	1060	5010	4.戴宗	4	3.武器	3	64	80001	0.1	0.1
	1061	5010	4.戴宗	4	3.武器	3	65	80001	0.1	0.1
	1062	5010	4.戴宗	4	3.武器	3	66	80001	0.1	0.1
	1063	5010	4.戴宗	4	3.武器	3	67	80001	0.1	0.1
	1064	5010	4.戴宗	4	3.武器	3	68	80001	0.1	0.1
	1065	5010	4.戴宗	4	3.武器	3	69	80001	0.1	0.1
	1066	5010	4.戴宗	4	3.武器	3	70	80002	0.3	0.3
	1067	5010	4.戴宗	4	3.武器	3	71	80002	0.3	0.3
	1068	5010	4.戴宗	4	3.武器	3	72	80002	0.3	0.3
	1069	5010	4.戴宗	4	3.武器	3	73	80002	0.3	0.3
	1070	5010	4.戴宗	4	3.武器	3	74	80002	0.3	0.3
	1071	5010	4.戴宗	4	3.武器	3	75	80002	0.3	0.3
	1072	5010	4.戴宗	4	3.武器	3	76	80002	0.3	0.3
	1073	5010	4.戴宗	4	3.武器	3	77	80002	0.3	0.3
	1074	5010	4.戴宗	4	3.武器	3	78	80002	0.3	0.3
	1075	5010	4.戴宗	4	3.武器	3	79	80002	0.3	0.3
	1076	5010	4.戴宗	4	3.武器	3	80	80002	0.3	0.3
	1077	5010	4.戴宗	4	3.武器	3	81	80002	0.3	0.3
	1078	5010	4.戴宗	4	3.武器	3	82	80002	0.3	0.3
	1079	5010	4.戴宗	4	3.武器	3	83	80002	0.3	0.3
	1080	5010	4.戴宗	4	3.武器	3	84	80002	0.3	0.3
	1081	5010	4.戴宗	4	3.武器	3	85	80002	0.3	0.3
	1082	5010	4.戴宗	4	3.武器	3	86	80002	0.3	0.3
	1083	5010	4.戴宗	4	3.武器	3	87	80002	0.3	0.3
	1084	5010	4.戴宗	4	3.武器	3	88	80002	0.3	0.3
	1085	5010	4.戴宗	4	3.武器	3	89	80002	0.3	0.3
	1086	5010	4.戴宗	4	3.武器	3	90	80002	0.3	0.3
	1087	5010	4.戴宗	4	3.武器	3	91	80002	0.3	0.3
	1088	5010	4.戴宗	4	3.武器	3	92	80002	0.3	0.3
	1089	5010	4.戴宗	4	3.武器	3	93	80002	0.3	0.3
	1090	5010	4.戴宗	4	3.武器	3	94	80002	0.3	0.3
	1091	5010	4.戴宗	4	3.武器	3	95	80002	0.3	0.3
	1092	5010	4.戴宗	4	3.武器	3	96	80002	0.3	0.3
	1093	5010	4.戴宗	4	3.武器	3	97	80002	0.3	0.3
	1094	5010	4.戴宗	4	3.武器	3	98	80002	0.3	0.3
	1095	5010	4.戴宗	4	3.武器	3	99	80002	0.3	0.3
	1096	5010	4.戴宗	4	3.武器	3	100	80003	0.5	0.5
	1097	5010	4.戴宗	4	3.武器	3	101	80003	0.5	0.5
	1098	5010	4.戴宗	4	3.武器	3	102	80003	0.5	0.5
	1099	5010	4.戴宗	4	3.武器	3	103	80003	0.5	0.5
	1100	5010	4.戴宗	4	3.武器	3	104	80003	0.5	0.5
	1101	5010	4.戴宗	4	3.武器	3	105	80003	0.5	0.5
	1102	5010	4.戴宗	4	3.武器	3	106	80003	0.5	0.5
	1103	5010	4.戴宗	4	3.武器	3	107	80003	0.5	0.5
	1104	5010	4.戴宗	4	3.武器	3	108	80003	0.5	0.5
# 史進強化特效貼圖										
	1105	5010	5.史進	5	0.頭部	0	40	80001	0.1	0.1
	1106	5010	5.史進	5	0.頭部	0	41	80001	0.1	0.1
	1107	5010	5.史進	5	0.頭部	0	42	80001	0.1	0.1
	1108	5010	5.史進	5	0.頭部	0	43	80001	0.1	0.1
	1109	5010	5.史進	5	0.頭部	0	44	80001	0.1	0.1
	1110	5010	5.史進	5	0.頭部	0	45	80001	0.1	0.1
	1111	5010	5.史進	5	0.頭部	0	46	80001	0.1	0.1
	1112	5010	5.史進	5	0.頭部	0	47	80001	0.1	0.1
	1113	5010	5.史進	5	0.頭部	0	48	80001	0.1	0.1
	1114	5010	5.史進	5	0.頭部	0	49	80001	0.1	0.1
	1115	5010	5.史進	5	0.頭部	0	50	80001	0.1	0.1
	1116	5010	5.史進	5	0.頭部	0	51	80001	0.1	0.1
	1117	5010	5.史進	5	0.頭部	0	52	80001	0.1	0.1
	1118	5010	5.史進	5	0.頭部	0	53	80001	0.1	0.1
	1119	5010	5.史進	5	0.頭部	0	54	80001	0.1	0.1
	1120	5010	5.史進	5	0.頭部	0	55	80001	0.1	0.1
	1121	5010	5.史進	5	0.頭部	0	56	80001	0.1	0.1
	1122	5010	5.史進	5	0.頭部	0	57	80001	0.1	0.1
	1123	5010	5.史進	5	0.頭部	0	58	80001	0.1	0.1
	1124	5010	5.史進	5	0.頭部	0	59	80001	0.1	0.1
	1125	5010	5.史進	5	0.頭部	0	60	80001	0.1	0.1
	1126	5010	5.史進	5	0.頭部	0	61	80001	0.1	0.1
	1127	5010	5.史進	5	0.頭部	0	62	80001	0.1	0.1
	1128	5010	5.史進	5	0.頭部	0	63	80001	0.1	0.1
	1129	5010	5.史進	5	0.頭部	0	64	80001	0.1	0.1
	1130	5010	5.史進	5	0.頭部	0	65	80001	0.1	0.1
	1131	5010	5.史進	5	0.頭部	0	66	80001	0.1	0.1
	1132	5010	5.史進	5	0.頭部	0	67	80001	0.1	0.1
	1133	5010	5.史進	5	0.頭部	0	68	80001	0.1	0.1
	1134	5010	5.史進	5	0.頭部	0	69	80001	0.1	0.1
	1135	5010	5.史進	5	0.頭部	0	70	80002	0.3	0.3
	1136	5010	5.史進	5	0.頭部	0	71	80002	0.3	0.3
	1137	5010	5.史進	5	0.頭部	0	72	80002	0.3	0.3
	1138	5010	5.史進	5	0.頭部	0	73	80002	0.3	0.3
	1139	5010	5.史進	5	0.頭部	0	74	80002	0.3	0.3
	1140	5010	5.史進	5	0.頭部	0	75	80002	0.3	0.3
	1141	5010	5.史進	5	0.頭部	0	76	80002	0.3	0.3
	1142	5010	5.史進	5	0.頭部	0	77	80002	0.3	0.3
	1143	5010	5.史進	5	0.頭部	0	78	80002	0.3	0.3
	1144	5010	5.史進	5	0.頭部	0	79	80002	0.3	0.3
	1145	5010	5.史進	5	0.頭部	0	80	80002	0.3	0.3
	1146	5010	5.史進	5	0.頭部	0	81	80002	0.3	0.3
	1147	5010	5.史進	5	0.頭部	0	82	80002	0.3	0.3
	1148	5010	5.史進	5	0.頭部	0	83	80002	0.3	0.3
	1149	5010	5.史進	5	0.頭部	0	84	80002	0.3	0.3
	1150	5010	5.史進	5	0.頭部	0	85	80002	0.3	0.3
	1151	5010	5.史進	5	0.頭部	0	86	80002	0.3	0.3
	1152	5010	5.史進	5	0.頭部	0	87	80002	0.3	0.3
	1153	5010	5.史進	5	0.頭部	0	88	80002	0.3	0.3
	1154	5010	5.史進	5	0.頭部	0	89	80002	0.3	0.3
	1155	5010	5.史進	5	0.頭部	0	90	80002	0.3	0.3
	1156	5010	5.史進	5	0.頭部	0	91	80002	0.3	0.3
	1157	5010	5.史進	5	0.頭部	0	92	80002	0.3	0.3
	1158	5010	5.史進	5	0.頭部	0	93	80002	0.3	0.3
	1159	5010	5.史進	5	0.頭部	0	94	80002	0.3	0.3
	1160	5010	5.史進	5	0.頭部	0	95	80002	0.3	0.3
	1161	5010	5.史進	5	0.頭部	0	96	80002	0.3	0.3
	1162	5010	5.史進	5	0.頭部	0	97	80002	0.3	0.3
	1163	5010	5.史進	5	0.頭部	0	98	80002	0.3	0.3
	1164	5010	5.史進	5	0.頭部	0	99	80002	0.3	0.3
	1165	5010	5.史進	5	0.頭部	0	100	80003	0.5	0.5
	1166	5010	5.史進	5	0.頭部	0	101	80003	0.5	0.5
	1167	5010	5.史進	5	0.頭部	0	102	80003	0.5	0.5
	1168	5010	5.史進	5	0.頭部	0	103	80003	0.5	0.5
	1169	5010	5.史進	5	0.頭部	0	104	80003	0.5	0.5
	1170	5010	5.史進	5	0.頭部	0	105	80003	0.5	0.5
	1171	5010	5.史進	5	0.頭部	0	106	80003	0.5	0.5
	1172	5010	5.史進	5	0.頭部	0	107	80003	0.5	0.5
	1173	5010	5.史進	5	0.頭部	0	108	80003	0.5	0.5
	1174	5010	5.史進	5	1.上半身	1	40	80001	0.1	0.1
	1175	5010	5.史進	5	1.上半身	1	41	80001	0.1	0.1
	1176	5010	5.史進	5	1.上半身	1	42	80001	0.1	0.1
	1177	5010	5.史進	5	1.上半身	1	43	80001	0.1	0.1
	1178	5010	5.史進	5	1.上半身	1	44	80001	0.1	0.1
	1179	5010	5.史進	5	1.上半身	1	45	80001	0.1	0.1
	1180	5010	5.史進	5	1.上半身	1	46	80001	0.1	0.1
	1181	5010	5.史進	5	1.上半身	1	47	80001	0.1	0.1
	1182	5010	5.史進	5	1.上半身	1	48	80001	0.1	0.1
	1183	5010	5.史進	5	1.上半身	1	49	80001	0.1	0.1
	1184	5010	5.史進	5	1.上半身	1	50	80001	0.1	0.1
	1185	5010	5.史進	5	1.上半身	1	51	80001	0.1	0.1
	1186	5010	5.史進	5	1.上半身	1	52	80001	0.1	0.1
	1187	5010	5.史進	5	1.上半身	1	53	80001	0.1	0.1
	1188	5010	5.史進	5	1.上半身	1	54	80001	0.1	0.1
	1189	5010	5.史進	5	1.上半身	1	55	80001	0.1	0.1
	1190	5010	5.史進	5	1.上半身	1	56	80001	0.1	0.1
	1191	5010	5.史進	5	1.上半身	1	57	80001	0.1	0.1
	1192	5010	5.史進	5	1.上半身	1	58	80001	0.1	0.1
	1193	5010	5.史進	5	1.上半身	1	59	80001	0.1	0.1
	1194	5010	5.史進	5	1.上半身	1	60	80001	0.1	0.1
	1195	5010	5.史進	5	1.上半身	1	61	80001	0.1	0.1
	1196	5010	5.史進	5	1.上半身	1	62	80001	0.1	0.1
	1197	5010	5.史進	5	1.上半身	1	63	80001	0.1	0.1
	1198	5010	5.史進	5	1.上半身	1	64	80001	0.1	0.1
	1199	5010	5.史進	5	1.上半身	1	65	80001	0.1	0.1
	1200	5010	5.史進	5	1.上半身	1	66	80001	0.1	0.1
	1201	5010	5.史進	5	1.上半身	1	67	80001	0.1	0.1
	1202	5010	5.史進	5	1.上半身	1	68	80001	0.1	0.1
	1203	5010	5.史進	5	1.上半身	1	69	80001	0.1	0.1
	1204	5010	5.史進	5	1.上半身	1	70	80002	0.3	0.3
	1205	5010	5.史進	5	1.上半身	1	71	80002	0.3	0.3
	1206	5010	5.史進	5	1.上半身	1	72	80002	0.3	0.3
	1207	5010	5.史進	5	1.上半身	1	73	80002	0.3	0.3
	1208	5010	5.史進	5	1.上半身	1	74	80002	0.3	0.3
	1209	5010	5.史進	5	1.上半身	1	75	80002	0.3	0.3
	1210	5010	5.史進	5	1.上半身	1	76	80002	0.3	0.3
	1211	5010	5.史進	5	1.上半身	1	77	80002	0.3	0.3
	1212	5010	5.史進	5	1.上半身	1	78	80002	0.3	0.3
	1213	5010	5.史進	5	1.上半身	1	79	80002	0.3	0.3
	1214	5010	5.史進	5	1.上半身	1	80	80002	0.3	0.3
	1215	5010	5.史進	5	1.上半身	1	81	80002	0.3	0.3
	1216	5010	5.史進	5	1.上半身	1	82	80002	0.3	0.3
	1217	5010	5.史進	5	1.上半身	1	83	80002	0.3	0.3
	1218	5010	5.史進	5	1.上半身	1	84	80002	0.3	0.3
	1219	5010	5.史進	5	1.上半身	1	85	80002	0.3	0.3
	1220	5010	5.史進	5	1.上半身	1	86	80002	0.3	0.3
	1221	5010	5.史進	5	1.上半身	1	87	80002	0.3	0.3
	1222	5010	5.史進	5	1.上半身	1	88	80002	0.3	0.3
	1223	5010	5.史進	5	1.上半身	1	89	80002	0.3	0.3
	1224	5010	5.史進	5	1.上半身	1	90	80002	0.3	0.3
	1225	5010	5.史進	5	1.上半身	1	91	80002	0.3	0.3
	1226	5010	5.史進	5	1.上半身	1	92	80002	0.3	0.3
	1227	5010	5.史進	5	1.上半身	1	93	80002	0.3	0.3
	1228	5010	5.史進	5	1.上半身	1	94	80002	0.3	0.3
	1229	5010	5.史進	5	1.上半身	1	95	80002	0.3	0.3
	1230	5010	5.史進	5	1.上半身	1	96	80002	0.3	0.3
	1231	5010	5.史進	5	1.上半身	1	97	80002	0.3	0.3
	1232	5010	5.史進	5	1.上半身	1	98	80002	0.3	0.3
	1233	5010	5.史進	5	1.上半身	1	99	80002	0.3	0.3
	1234	5010	5.史進	5	1.上半身	1	100	80003	0.5	0.5
	1235	5010	5.史進	5	1.上半身	1	101	80003	0.5	0.5
	1236	5010	5.史進	5	1.上半身	1	102	80003	0.5	0.5
	1237	5010	5.史進	5	1.上半身	1	103	80003	0.5	0.5
	1238	5010	5.史進	5	1.上半身	1	104	80003	0.5	0.5
	1239	5010	5.史進	5	1.上半身	1	105	80003	0.5	0.5
	1240	5010	5.史進	5	1.上半身	1	106	80003	0.5	0.5
	1241	5010	5.史進	5	1.上半身	1	107	80003	0.5	0.5
	1242	5010	5.史進	5	1.上半身	1	108	80003	0.5	0.5
	1243	5010	5.史進	5	2.下半身	2	40	80001	0.1	0.1
	1244	5010	5.史進	5	2.下半身	2	41	80001	0.1	0.1
	1245	5010	5.史進	5	2.下半身	2	42	80001	0.1	0.1
	1246	5010	5.史進	5	2.下半身	2	43	80001	0.1	0.1
	1247	5010	5.史進	5	2.下半身	2	44	80001	0.1	0.1
	1248	5010	5.史進	5	2.下半身	2	45	80001	0.1	0.1
	1249	5010	5.史進	5	2.下半身	2	46	80001	0.1	0.1
	1250	5010	5.史進	5	2.下半身	2	47	80001	0.1	0.1
	1251	5010	5.史進	5	2.下半身	2	48	80001	0.1	0.1
	1252	5010	5.史進	5	2.下半身	2	49	80001	0.1	0.1
	1253	5010	5.史進	5	2.下半身	2	50	80001	0.1	0.1
	1254	5010	5.史進	5	2.下半身	2	51	80001	0.1	0.1
	1255	5010	5.史進	5	2.下半身	2	52	80001	0.1	0.1
	1256	5010	5.史進	5	2.下半身	2	53	80001	0.1	0.1
	1257	5010	5.史進	5	2.下半身	2	54	80001	0.1	0.1
	1258	5010	5.史進	5	2.下半身	2	55	80001	0.1	0.1
	1259	5010	5.史進	5	2.下半身	2	56	80001	0.1	0.1
	1260	5010	5.史進	5	2.下半身	2	57	80001	0.1	0.1
	1261	5010	5.史進	5	2.下半身	2	58	80001	0.1	0.1
	1262	5010	5.史進	5	2.下半身	2	59	80001	0.1	0.1
	1263	5010	5.史進	5	2.下半身	2	60	80001	0.1	0.1
	1264	5010	5.史進	5	2.下半身	2	61	80001	0.1	0.1
	1265	5010	5.史進	5	2.下半身	2	62	80001	0.1	0.1
	1266	5010	5.史進	5	2.下半身	2	63	80001	0.1	0.1
	1267	5010	5.史進	5	2.下半身	2	64	80001	0.1	0.1
	1268	5010	5.史進	5	2.下半身	2	65	80001	0.1	0.1
	1269	5010	5.史進	5	2.下半身	2	66	80001	0.1	0.1
	1270	5010	5.史進	5	2.下半身	2	67	80001	0.1	0.1
	1271	5010	5.史進	5	2.下半身	2	68	80001	0.1	0.1
	1272	5010	5.史進	5	2.下半身	2	69	80001	0.1	0.1
	1273	5010	5.史進	5	2.下半身	2	70	80002	0.3	0.3
	1274	5010	5.史進	5	2.下半身	2	71	80002	0.3	0.3
	1275	5010	5.史進	5	2.下半身	2	72	80002	0.3	0.3
	1276	5010	5.史進	5	2.下半身	2	73	80002	0.3	0.3
	1277	5010	5.史進	5	2.下半身	2	74	80002	0.3	0.3
	1278	5010	5.史進	5	2.下半身	2	75	80002	0.3	0.3
	1279	5010	5.史進	5	2.下半身	2	76	80002	0.3	0.3
	1280	5010	5.史進	5	2.下半身	2	77	80002	0.3	0.3
	1281	5010	5.史進	5	2.下半身	2	78	80002	0.3	0.3
	1282	5010	5.史進	5	2.下半身	2	79	80002	0.3	0.3
	1283	5010	5.史進	5	2.下半身	2	80	80002	0.3	0.3
	1284	5010	5.史進	5	2.下半身	2	81	80002	0.3	0.3
	1285	5010	5.史進	5	2.下半身	2	82	80002	0.3	0.3
	1286	5010	5.史進	5	2.下半身	2	83	80002	0.3	0.3
	1287	5010	5.史進	5	2.下半身	2	84	80002	0.3	0.3
	1288	5010	5.史進	5	2.下半身	2	85	80002	0.3	0.3
	1289	5010	5.史進	5	2.下半身	2	86	80002	0.3	0.3
	1290	5010	5.史進	5	2.下半身	2	87	80002	0.3	0.3
	1291	5010	5.史進	5	2.下半身	2	88	80002	0.3	0.3
	1292	5010	5.史進	5	2.下半身	2	89	80002	0.3	0.3
	1293	5010	5.史進	5	2.下半身	2	90	80002	0.3	0.3
	1294	5010	5.史進	5	2.下半身	2	91	80002	0.3	0.3
	1295	5010	5.史進	5	2.下半身	2	92	80002	0.3	0.3
	1296	5010	5.史進	5	2.下半身	2	93	80002	0.3	0.3
	1297	5010	5.史進	5	2.下半身	2	94	80002	0.3	0.3
	1298	5010	5.史進	5	2.下半身	2	95	80002	0.3	0.3
	1299	5010	5.史進	5	2.下半身	2	96	80002	0.3	0.3
	1300	5010	5.史進	5	2.下半身	2	97	80002	0.3	0.3
	1301	5010	5.史進	5	2.下半身	2	98	80002	0.3	0.3
	1302	5010	5.史進	5	2.下半身	2	99	80002	0.3	0.3
	1303	5010	5.史進	5	2.下半身	2	100	80003	0.5	0.5
	1304	5010	5.史進	5	2.下半身	2	101	80003	0.5	0.5
	1305	5010	5.史進	5	2.下半身	2	102	80003	0.5	0.5
	1306	5010	5.史進	5	2.下半身	2	103	80003	0.5	0.5
	1307	5010	5.史進	5	2.下半身	2	104	80003	0.5	0.5
	1308	5010	5.史進	5	2.下半身	2	105	80003	0.5	0.5
	1309	5010	5.史進	5	2.下半身	2	106	80003	0.5	0.5
	1310	5010	5.史進	5	2.下半身	2	107	80003	0.5	0.5
	1311	5010	5.史進	5	2.下半身	2	108	80003	0.5	0.5
	1312	5010	5.史進	5	3.武器	3	40	80001	0.1	0.1
	1313	5010	5.史進	5	3.武器	3	41	80001	0.1	0.1
	1314	5010	5.史進	5	3.武器	3	42	80001	0.1	0.1
	1315	5010	5.史進	5	3.武器	3	43	80001	0.1	0.1
	1316	5010	5.史進	5	3.武器	3	44	80001	0.1	0.1
	1317	5010	5.史進	5	3.武器	3	45	80001	0.1	0.1
	1318	5010	5.史進	5	3.武器	3	46	80001	0.1	0.1
	1319	5010	5.史進	5	3.武器	3	47	80001	0.1	0.1
	1320	5010	5.史進	5	3.武器	3	48	80001	0.1	0.1
	1321	5010	5.史進	5	3.武器	3	49	80001	0.1	0.1
	1322	5010	5.史進	5	3.武器	3	50	80001	0.1	0.1
	1323	5010	5.史進	5	3.武器	3	51	80001	0.1	0.1
	1324	5010	5.史進	5	3.武器	3	52	80001	0.1	0.1
	1325	5010	5.史進	5	3.武器	3	53	80001	0.1	0.1
	1326	5010	5.史進	5	3.武器	3	54	80001	0.1	0.1
	1327	5010	5.史進	5	3.武器	3	55	80001	0.1	0.1
	1328	5010	5.史進	5	3.武器	3	56	80001	0.1	0.1
	1329	5010	5.史進	5	3.武器	3	57	80001	0.1	0.1
	1330	5010	5.史進	5	3.武器	3	58	80001	0.1	0.1
	1331	5010	5.史進	5	3.武器	3	59	80001	0.1	0.1
	1332	5010	5.史進	5	3.武器	3	60	80001	0.1	0.1
	1333	5010	5.史進	5	3.武器	3	61	80001	0.1	0.1
	1334	5010	5.史進	5	3.武器	3	62	80001	0.1	0.1
	1335	5010	5.史進	5	3.武器	3	63	80001	0.1	0.1
	1336	5010	5.史進	5	3.武器	3	64	80001	0.1	0.1
	1337	5010	5.史進	5	3.武器	3	65	80001	0.1	0.1
	1338	5010	5.史進	5	3.武器	3	66	80001	0.1	0.1
	1339	5010	5.史進	5	3.武器	3	67	80001	0.1	0.1
	1340	5010	5.史進	5	3.武器	3	68	80001	0.1	0.1
	1341	5010	5.史進	5	3.武器	3	69	80001	0.1	0.1
	1342	5010	5.史進	5	3.武器	3	70	80002	0.3	0.3
	1343	5010	5.史進	5	3.武器	3	71	80002	0.3	0.3
	1344	5010	5.史進	5	3.武器	3	72	80002	0.3	0.3
	1345	5010	5.史進	5	3.武器	3	73	80002	0.3	0.3
	1346	5010	5.史進	5	3.武器	3	74	80002	0.3	0.3
	1347	5010	5.史進	5	3.武器	3	75	80002	0.3	0.3
	1348	5010	5.史進	5	3.武器	3	76	80002	0.3	0.3
	1349	5010	5.史進	5	3.武器	3	77	80002	0.3	0.3
	1350	5010	5.史進	5	3.武器	3	78	80002	0.3	0.3
	1351	5010	5.史進	5	3.武器	3	79	80002	0.3	0.3
	1352	5010	5.史進	5	3.武器	3	80	80002	0.3	0.3
	1353	5010	5.史進	5	3.武器	3	81	80002	0.3	0.3
	1354	5010	5.史進	5	3.武器	3	82	80002	0.3	0.3
	1355	5010	5.史進	5	3.武器	3	83	80002	0.3	0.3
	1356	5010	5.史進	5	3.武器	3	84	80002	0.3	0.3
	1357	5010	5.史進	5	3.武器	3	85	80002	0.3	0.3
	1358	5010	5.史進	5	3.武器	3	86	80002	0.3	0.3
	1359	5010	5.史進	5	3.武器	3	87	80002	0.3	0.3
	1360	5010	5.史進	5	3.武器	3	88	80002	0.3	0.3
	1361	5010	5.史進	5	3.武器	3	89	80002	0.3	0.3
	1362	5010	5.史進	5	3.武器	3	90	80002	0.3	0.3
	1363	5010	5.史進	5	3.武器	3	91	80002	0.3	0.3
	1364	5010	5.史進	5	3.武器	3	92	80002	0.3	0.3
	1365	5010	5.史進	5	3.武器	3	93	80002	0.3	0.3
	1366	5010	5.史進	5	3.武器	3	94	80002	0.3	0.3
	1367	5010	5.史進	5	3.武器	3	95	80002	0.3	0.3
	1368	5010	5.史進	5	3.武器	3	96	80002	0.3	0.3
	1369	5010	5.史進	5	3.武器	3	97	80002	0.3	0.3
	1370	5010	5.史進	5	3.武器	3	98	80002	0.3	0.3
	1371	5010	5.史進	5	3.武器	3	99	80002	0.3	0.3
	1372	5010	5.史進	5	3.武器	3	100	80003	0.5	0.5
	1373	5010	5.史進	5	3.武器	3	101	80003	0.5	0.5
	1374	5010	5.史進	5	3.武器	3	102	80003	0.5	0.5
	1375	5010	5.史進	5	3.武器	3	103	80003	0.5	0.5
	1376	5010	5.史進	5	3.武器	3	104	80003	0.5	0.5
	1377	5010	5.史進	5	3.武器	3	105	80003	0.5	0.5
	1378	5010	5.史進	5	3.武器	3	106	80003	0.5	0.5
	1379	5010	5.史進	5	3.武器	3	107	80003	0.5	0.5
	1380	5010	5.史進	5	3.武器	3	108	80003	0.5	0.5
# 李逵強化特效貼圖										
	1381	5010	6.李逵	6	0.頭部	0	40	80001	0.1	0.1
	1382	5010	6.李逵	6	0.頭部	0	41	80001	0.1	0.1
	1383	5010	6.李逵	6	0.頭部	0	42	80001	0.1	0.1
	1384	5010	6.李逵	6	0.頭部	0	43	80001	0.1	0.1
	1385	5010	6.李逵	6	0.頭部	0	44	80001	0.1	0.1
	1386	5010	6.李逵	6	0.頭部	0	45	80001	0.1	0.1
	1387	5010	6.李逵	6	0.頭部	0	46	80001	0.1	0.1
	1388	5010	6.李逵	6	0.頭部	0	47	80001	0.1	0.1
	1389	5010	6.李逵	6	0.頭部	0	48	80001	0.1	0.1
	1390	5010	6.李逵	6	0.頭部	0	49	80001	0.1	0.1
	1391	5010	6.李逵	6	0.頭部	0	50	80001	0.1	0.1
	1392	5010	6.李逵	6	0.頭部	0	51	80001	0.1	0.1
	1393	5010	6.李逵	6	0.頭部	0	52	80001	0.1	0.1
	1394	5010	6.李逵	6	0.頭部	0	53	80001	0.1	0.1
	1395	5010	6.李逵	6	0.頭部	0	54	80001	0.1	0.1
	1396	5010	6.李逵	6	0.頭部	0	55	80001	0.1	0.1
	1397	5010	6.李逵	6	0.頭部	0	56	80001	0.1	0.1
	1398	5010	6.李逵	6	0.頭部	0	57	80001	0.1	0.1
	1399	5010	6.李逵	6	0.頭部	0	58	80001	0.1	0.1
	1400	5010	6.李逵	6	0.頭部	0	59	80001	0.1	0.1
	1401	5010	6.李逵	6	0.頭部	0	60	80001	0.1	0.1
	1402	5010	6.李逵	6	0.頭部	0	61	80001	0.1	0.1
	1403	5010	6.李逵	6	0.頭部	0	62	80001	0.1	0.1
	1404	5010	6.李逵	6	0.頭部	0	63	80001	0.1	0.1
	1405	5010	6.李逵	6	0.頭部	0	64	80001	0.1	0.1
	1406	5010	6.李逵	6	0.頭部	0	65	80001	0.1	0.1
	1407	5010	6.李逵	6	0.頭部	0	66	80001	0.1	0.1
	1408	5010	6.李逵	6	0.頭部	0	67	80001	0.1	0.1
	1409	5010	6.李逵	6	0.頭部	0	68	80001	0.1	0.1
	1410	5010	6.李逵	6	0.頭部	0	69	80001	0.1	0.1
	1411	5010	6.李逵	6	0.頭部	0	70	80002	0.3	0.3
	1412	5010	6.李逵	6	0.頭部	0	71	80002	0.3	0.3
	1413	5010	6.李逵	6	0.頭部	0	72	80002	0.3	0.3
	1414	5010	6.李逵	6	0.頭部	0	73	80002	0.3	0.3
	1415	5010	6.李逵	6	0.頭部	0	74	80002	0.3	0.3
	1416	5010	6.李逵	6	0.頭部	0	75	80002	0.3	0.3
	1417	5010	6.李逵	6	0.頭部	0	76	80002	0.3	0.3
	1418	5010	6.李逵	6	0.頭部	0	77	80002	0.3	0.3
	1419	5010	6.李逵	6	0.頭部	0	78	80002	0.3	0.3
	1420	5010	6.李逵	6	0.頭部	0	79	80002	0.3	0.3
	1421	5010	6.李逵	6	0.頭部	0	80	80002	0.3	0.3
	1422	5010	6.李逵	6	0.頭部	0	81	80002	0.3	0.3
	1423	5010	6.李逵	6	0.頭部	0	82	80002	0.3	0.3
	1424	5010	6.李逵	6	0.頭部	0	83	80002	0.3	0.3
	1425	5010	6.李逵	6	0.頭部	0	84	80002	0.3	0.3
	1426	5010	6.李逵	6	0.頭部	0	85	80002	0.3	0.3
	1427	5010	6.李逵	6	0.頭部	0	86	80002	0.3	0.3
	1428	5010	6.李逵	6	0.頭部	0	87	80002	0.3	0.3
	1429	5010	6.李逵	6	0.頭部	0	88	80002	0.3	0.3
	1430	5010	6.李逵	6	0.頭部	0	89	80002	0.3	0.3
	1431	5010	6.李逵	6	0.頭部	0	90	80002	0.3	0.3
	1432	5010	6.李逵	6	0.頭部	0	91	80002	0.3	0.3
	1433	5010	6.李逵	6	0.頭部	0	92	80002	0.3	0.3
	1434	5010	6.李逵	6	0.頭部	0	93	80002	0.3	0.3
	1435	5010	6.李逵	6	0.頭部	0	94	80002	0.3	0.3
	1436	5010	6.李逵	6	0.頭部	0	95	80002	0.3	0.3
	1437	5010	6.李逵	6	0.頭部	0	96	80002	0.3	0.3
	1438	5010	6.李逵	6	0.頭部	0	97	80002	0.3	0.3
	1439	5010	6.李逵	6	0.頭部	0	98	80002	0.3	0.3
	1440	5010	6.李逵	6	0.頭部	0	99	80002	0.3	0.3
	1441	5010	6.李逵	6	0.頭部	0	100	80003	0.5	0.5
	1442	5010	6.李逵	6	0.頭部	0	101	80003	0.5	0.5
	1443	5010	6.李逵	6	0.頭部	0	102	80003	0.5	0.5
	1444	5010	6.李逵	6	0.頭部	0	103	80003	0.5	0.5
	1445	5010	6.李逵	6	0.頭部	0	104	80003	0.5	0.5
	1446	5010	6.李逵	6	0.頭部	0	105	80003	0.5	0.5
	1447	5010	6.李逵	6	0.頭部	0	106	80003	0.5	0.5
	1448	5010	6.李逵	6	0.頭部	0	107	80003	0.5	0.5
	1449	5010	6.李逵	6	0.頭部	0	108	80003	0.5	0.5
	1450	5010	6.李逵	6	1.上半身	1	40	80001	0.1	0.1
	1451	5010	6.李逵	6	1.上半身	1	41	80001	0.1	0.1
	1452	5010	6.李逵	6	1.上半身	1	42	80001	0.1	0.1
	1453	5010	6.李逵	6	1.上半身	1	43	80001	0.1	0.1
	1454	5010	6.李逵	6	1.上半身	1	44	80001	0.1	0.1
	1455	5010	6.李逵	6	1.上半身	1	45	80001	0.1	0.1
	1456	5010	6.李逵	6	1.上半身	1	46	80001	0.1	0.1
	1457	5010	6.李逵	6	1.上半身	1	47	80001	0.1	0.1
	1458	5010	6.李逵	6	1.上半身	1	48	80001	0.1	0.1
	1459	5010	6.李逵	6	1.上半身	1	49	80001	0.1	0.1
	1460	5010	6.李逵	6	1.上半身	1	50	80001	0.1	0.1
	1461	5010	6.李逵	6	1.上半身	1	51	80001	0.1	0.1
	1462	5010	6.李逵	6	1.上半身	1	52	80001	0.1	0.1
	1463	5010	6.李逵	6	1.上半身	1	53	80001	0.1	0.1
	1464	5010	6.李逵	6	1.上半身	1	54	80001	0.1	0.1
	1465	5010	6.李逵	6	1.上半身	1	55	80001	0.1	0.1
	1466	5010	6.李逵	6	1.上半身	1	56	80001	0.1	0.1
	1467	5010	6.李逵	6	1.上半身	1	57	80001	0.1	0.1
	1468	5010	6.李逵	6	1.上半身	1	58	80001	0.1	0.1
	1469	5010	6.李逵	6	1.上半身	1	59	80001	0.1	0.1
	1470	5010	6.李逵	6	1.上半身	1	60	80001	0.1	0.1
	1471	5010	6.李逵	6	1.上半身	1	61	80001	0.1	0.1
	1472	5010	6.李逵	6	1.上半身	1	62	80001	0.1	0.1
	1473	5010	6.李逵	6	1.上半身	1	63	80001	0.1	0.1
	1474	5010	6.李逵	6	1.上半身	1	64	80001	0.1	0.1
	1475	5010	6.李逵	6	1.上半身	1	65	80001	0.1	0.1
	1476	5010	6.李逵	6	1.上半身	1	66	80001	0.1	0.1
	1477	5010	6.李逵	6	1.上半身	1	67	80001	0.1	0.1
	1478	5010	6.李逵	6	1.上半身	1	68	80001	0.1	0.1
	1479	5010	6.李逵	6	1.上半身	1	69	80001	0.1	0.1
	1480	5010	6.李逵	6	1.上半身	1	70	80002	0.3	0.3
	1481	5010	6.李逵	6	1.上半身	1	71	80002	0.3	0.3
	1482	5010	6.李逵	6	1.上半身	1	72	80002	0.3	0.3
	1483	5010	6.李逵	6	1.上半身	1	73	80002	0.3	0.3
	1484	5010	6.李逵	6	1.上半身	1	74	80002	0.3	0.3
	1485	5010	6.李逵	6	1.上半身	1	75	80002	0.3	0.3
	1486	5010	6.李逵	6	1.上半身	1	76	80002	0.3	0.3
	1487	5010	6.李逵	6	1.上半身	1	77	80002	0.3	0.3
	1488	5010	6.李逵	6	1.上半身	1	78	80002	0.3	0.3
	1489	5010	6.李逵	6	1.上半身	1	79	80002	0.3	0.3
	1490	5010	6.李逵	6	1.上半身	1	80	80002	0.3	0.3
	1491	5010	6.李逵	6	1.上半身	1	81	80002	0.3	0.3
	1492	5010	6.李逵	6	1.上半身	1	82	80002	0.3	0.3
	1493	5010	6.李逵	6	1.上半身	1	83	80002	0.3	0.3
	1494	5010	6.李逵	6	1.上半身	1	84	80002	0.3	0.3
	1495	5010	6.李逵	6	1.上半身	1	85	80002	0.3	0.3
	1496	5010	6.李逵	6	1.上半身	1	86	80002	0.3	0.3
	1497	5010	6.李逵	6	1.上半身	1	87	80002	0.3	0.3
	1498	5010	6.李逵	6	1.上半身	1	88	80002	0.3	0.3
	1499	5010	6.李逵	6	1.上半身	1	89	80002	0.3	0.3
	1500	5010	6.李逵	6	1.上半身	1	90	80002	0.3	0.3
	1501	5010	6.李逵	6	1.上半身	1	91	80002	0.3	0.3
	1502	5010	6.李逵	6	1.上半身	1	92	80002	0.3	0.3
	1503	5010	6.李逵	6	1.上半身	1	93	80002	0.3	0.3
	1504	5010	6.李逵	6	1.上半身	1	94	80002	0.3	0.3
	1505	5010	6.李逵	6	1.上半身	1	95	80002	0.3	0.3
	1506	5010	6.李逵	6	1.上半身	1	96	80002	0.3	0.3
	1507	5010	6.李逵	6	1.上半身	1	97	80002	0.3	0.3
	1508	5010	6.李逵	6	1.上半身	1	98	80002	0.3	0.3
	1509	5010	6.李逵	6	1.上半身	1	99	80002	0.3	0.3
	1510	5010	6.李逵	6	1.上半身	1	100	80003	0.5	0.5
	1511	5010	6.李逵	6	1.上半身	1	101	80003	0.5	0.5
	1512	5010	6.李逵	6	1.上半身	1	102	80003	0.5	0.5
	1513	5010	6.李逵	6	1.上半身	1	103	80003	0.5	0.5
	1514	5010	6.李逵	6	1.上半身	1	104	80003	0.5	0.5
	1515	5010	6.李逵	6	1.上半身	1	105	80003	0.5	0.5
	1516	5010	6.李逵	6	1.上半身	1	106	80003	0.5	0.5
	1517	5010	6.李逵	6	1.上半身	1	107	80003	0.5	0.5
	1518	5010	6.李逵	6	1.上半身	1	108	80003	0.5	0.5
	1519	5010	6.李逵	6	2.下半身	2	40	80001	0.1	0.1
	1520	5010	6.李逵	6	2.下半身	2	41	80001	0.1	0.1
	1521	5010	6.李逵	6	2.下半身	2	42	80001	0.1	0.1
	1522	5010	6.李逵	6	2.下半身	2	43	80001	0.1	0.1
	1523	5010	6.李逵	6	2.下半身	2	44	80001	0.1	0.1
	1524	5010	6.李逵	6	2.下半身	2	45	80001	0.1	0.1
	1525	5010	6.李逵	6	2.下半身	2	46	80001	0.1	0.1
	1526	5010	6.李逵	6	2.下半身	2	47	80001	0.1	0.1
	1527	5010	6.李逵	6	2.下半身	2	48	80001	0.1	0.1
	1528	5010	6.李逵	6	2.下半身	2	49	80001	0.1	0.1
	1529	5010	6.李逵	6	2.下半身	2	50	80001	0.1	0.1
	1530	5010	6.李逵	6	2.下半身	2	51	80001	0.1	0.1
	1531	5010	6.李逵	6	2.下半身	2	52	80001	0.1	0.1
	1532	5010	6.李逵	6	2.下半身	2	53	80001	0.1	0.1
	1533	5010	6.李逵	6	2.下半身	2	54	80001	0.1	0.1
	1534	5010	6.李逵	6	2.下半身	2	55	80001	0.1	0.1
	1535	5010	6.李逵	6	2.下半身	2	56	80001	0.1	0.1
	1536	5010	6.李逵	6	2.下半身	2	57	80001	0.1	0.1
	1537	5010	6.李逵	6	2.下半身	2	58	80001	0.1	0.1
	1538	5010	6.李逵	6	2.下半身	2	59	80001	0.1	0.1
	1539	5010	6.李逵	6	2.下半身	2	60	80001	0.1	0.1
	1540	5010	6.李逵	6	2.下半身	2	61	80001	0.1	0.1
	1541	5010	6.李逵	6	2.下半身	2	62	80001	0.1	0.1
	1542	5010	6.李逵	6	2.下半身	2	63	80001	0.1	0.1
	1543	5010	6.李逵	6	2.下半身	2	64	80001	0.1	0.1
	1544	5010	6.李逵	6	2.下半身	2	65	80001	0.1	0.1
	1545	5010	6.李逵	6	2.下半身	2	66	80001	0.1	0.1
	1546	5010	6.李逵	6	2.下半身	2	67	80001	0.1	0.1
	1547	5010	6.李逵	6	2.下半身	2	68	80001	0.1	0.1
	1548	5010	6.李逵	6	2.下半身	2	69	80001	0.1	0.1
	1549	5010	6.李逵	6	2.下半身	2	70	80002	0.3	0.3
	1550	5010	6.李逵	6	2.下半身	2	71	80002	0.3	0.3
	1551	5010	6.李逵	6	2.下半身	2	72	80002	0.3	0.3
	1552	5010	6.李逵	6	2.下半身	2	73	80002	0.3	0.3
	1553	5010	6.李逵	6	2.下半身	2	74	80002	0.3	0.3
	1554	5010	6.李逵	6	2.下半身	2	75	80002	0.3	0.3
	1555	5010	6.李逵	6	2.下半身	2	76	80002	0.3	0.3
	1556	5010	6.李逵	6	2.下半身	2	77	80002	0.3	0.3
	1557	5010	6.李逵	6	2.下半身	2	78	80002	0.3	0.3
	1558	5010	6.李逵	6	2.下半身	2	79	80002	0.3	0.3
	1559	5010	6.李逵	6	2.下半身	2	80	80002	0.3	0.3
	1560	5010	6.李逵	6	2.下半身	2	81	80002	0.3	0.3
	1561	5010	6.李逵	6	2.下半身	2	82	80002	0.3	0.3
	1562	5010	6.李逵	6	2.下半身	2	83	80002	0.3	0.3
	1563	5010	6.李逵	6	2.下半身	2	84	80002	0.3	0.3
	1564	5010	6.李逵	6	2.下半身	2	85	80002	0.3	0.3
	1565	5010	6.李逵	6	2.下半身	2	86	80002	0.3	0.3
	1566	5010	6.李逵	6	2.下半身	2	87	80002	0.3	0.3
	1567	5010	6.李逵	6	2.下半身	2	88	80002	0.3	0.3
	1568	5010	6.李逵	6	2.下半身	2	89	80002	0.3	0.3
	1569	5010	6.李逵	6	2.下半身	2	90	80002	0.3	0.3
	1570	5010	6.李逵	6	2.下半身	2	91	80002	0.3	0.3
	1571	5010	6.李逵	6	2.下半身	2	92	80002	0.3	0.3
	1572	5010	6.李逵	6	2.下半身	2	93	80002	0.3	0.3
	1573	5010	6.李逵	6	2.下半身	2	94	80002	0.3	0.3
	1574	5010	6.李逵	6	2.下半身	2	95	80002	0.3	0.3
	1575	5010	6.李逵	6	2.下半身	2	96	80002	0.3	0.3
	1576	5010	6.李逵	6	2.下半身	2	97	80002	0.3	0.3
	1577	5010	6.李逵	6	2.下半身	2	98	80002	0.3	0.3
	1578	5010	6.李逵	6	2.下半身	2	99	80002	0.3	0.3
	1579	5010	6.李逵	6	2.下半身	2	100	80003	0.5	0.5
	1580	5010	6.李逵	6	2.下半身	2	101	80003	0.5	0.5
	1581	5010	6.李逵	6	2.下半身	2	102	80003	0.5	0.5
	1582	5010	6.李逵	6	2.下半身	2	103	80003	0.5	0.5
	1583	5010	6.李逵	6	2.下半身	2	104	80003	0.5	0.5
	1584	5010	6.李逵	6	2.下半身	2	105	80003	0.5	0.5
	1585	5010	6.李逵	6	2.下半身	2	106	80003	0.5	0.5
	1586	5010	6.李逵	6	2.下半身	2	107	80003	0.5	0.5
	1587	5010	6.李逵	6	2.下半身	2	108	80003	0.5	0.5
	1588	5010	6.李逵	6	3.武器	3	40	80001	0.1	0.1
	1589	5010	6.李逵	6	3.武器	3	41	80001	0.1	0.1
	1590	5010	6.李逵	6	3.武器	3	42	80001	0.1	0.1
	1591	5010	6.李逵	6	3.武器	3	43	80001	0.1	0.1
	1592	5010	6.李逵	6	3.武器	3	44	80001	0.1	0.1
	1593	5010	6.李逵	6	3.武器	3	45	80001	0.1	0.1
	1594	5010	6.李逵	6	3.武器	3	46	80001	0.1	0.1
	1595	5010	6.李逵	6	3.武器	3	47	80001	0.1	0.1
	1596	5010	6.李逵	6	3.武器	3	48	80001	0.1	0.1
	1597	5010	6.李逵	6	3.武器	3	49	80001	0.1	0.1
	1598	5010	6.李逵	6	3.武器	3	50	80001	0.1	0.1
	1599	5010	6.李逵	6	3.武器	3	51	80001	0.1	0.1
	1600	5010	6.李逵	6	3.武器	3	52	80001	0.1	0.1
	1601	5010	6.李逵	6	3.武器	3	53	80001	0.1	0.1
	1602	5010	6.李逵	6	3.武器	3	54	80001	0.1	0.1
	1603	5010	6.李逵	6	3.武器	3	55	80001	0.1	0.1
	1604	5010	6.李逵	6	3.武器	3	56	80001	0.1	0.1
	1605	5010	6.李逵	6	3.武器	3	57	80001	0.1	0.1
	1606	5010	6.李逵	6	3.武器	3	58	80001	0.1	0.1
	1607	5010	6.李逵	6	3.武器	3	59	80001	0.1	0.1
	1608	5010	6.李逵	6	3.武器	3	60	80001	0.1	0.1
	1609	5010	6.李逵	6	3.武器	3	61	80001	0.1	0.1
	1610	5010	6.李逵	6	3.武器	3	62	80001	0.1	0.1
	1611	5010	6.李逵	6	3.武器	3	63	80001	0.1	0.1
	1612	5010	6.李逵	6	3.武器	3	64	80001	0.1	0.1
	1613	5010	6.李逵	6	3.武器	3	65	80001	0.1	0.1
	1614	5010	6.李逵	6	3.武器	3	66	80001	0.1	0.1
	1615	5010	6.李逵	6	3.武器	3	67	80001	0.1	0.1
	1616	5010	6.李逵	6	3.武器	3	68	80001	0.1	0.1
	1617	5010	6.李逵	6	3.武器	3	69	80001	0.1	0.1
	1618	5010	6.李逵	6	3.武器	3	70	80002	0.3	0.3
	1619	5010	6.李逵	6	3.武器	3	71	80002	0.3	0.3
	1620	5010	6.李逵	6	3.武器	3	72	80002	0.3	0.3
	1621	5010	6.李逵	6	3.武器	3	73	80002	0.3	0.3
	1622	5010	6.李逵	6	3.武器	3	74	80002	0.3	0.3
	1623	5010	6.李逵	6	3.武器	3	75	80002	0.3	0.3
	1624	5010	6.李逵	6	3.武器	3	76	80002	0.3	0.3
	1625	5010	6.李逵	6	3.武器	3	77	80002	0.3	0.3
	1626	5010	6.李逵	6	3.武器	3	78	80002	0.3	0.3
	1627	5010	6.李逵	6	3.武器	3	79	80002	0.3	0.3
	1628	5010	6.李逵	6	3.武器	3	80	80002	0.3	0.3
	1629	5010	6.李逵	6	3.武器	3	81	80002	0.3	0.3
	1630	5010	6.李逵	6	3.武器	3	82	80002	0.3	0.3
	1631	5010	6.李逵	6	3.武器	3	83	80002	0.3	0.3
	1632	5010	6.李逵	6	3.武器	3	84	80002	0.3	0.3
	1633	5010	6.李逵	6	3.武器	3	85	80002	0.3	0.3
	1634	5010	6.李逵	6	3.武器	3	86	80002	0.3	0.3
	1635	5010	6.李逵	6	3.武器	3	87	80002	0.3	0.3
	1636	5010	6.李逵	6	3.武器	3	88	80002	0.3	0.3
	1637	5010	6.李逵	6	3.武器	3	89	80002	0.3	0.3
	1638	5010	6.李逵	6	3.武器	3	90	80002	0.3	0.3
	1639	5010	6.李逵	6	3.武器	3	91	80002	0.3	0.3
	1640	5010	6.李逵	6	3.武器	3	92	80002	0.3	0.3
	1641	5010	6.李逵	6	3.武器	3	93	80002	0.3	0.3
	1642	5010	6.李逵	6	3.武器	3	94	80002	0.3	0.3
	1643	5010	6.李逵	6	3.武器	3	95	80002	0.3	0.3
	1644	5010	6.李逵	6	3.武器	3	96	80002	0.3	0.3
	1645	5010	6.李逵	6	3.武器	3	97	80002	0.3	0.3
	1646	5010	6.李逵	6	3.武器	3	98	80002	0.3	0.3
	1647	5010	6.李逵	6	3.武器	3	99	80002	0.3	0.3
	1648	5010	6.李逵	6	3.武器	3	100	80003	0.5	0.5
	1649	5010	6.李逵	6	3.武器	3	101	80003	0.5	0.5
	1650	5010	6.李逵	6	3.武器	3	102	80003	0.5	0.5
	1651	5010	6.李逵	6	3.武器	3	103	80003	0.5	0.5
	1652	5010	6.李逵	6	3.武器	3	104	80003	0.5	0.5
	1653	5010	6.李逵	6	3.武器	3	105	80003	0.5	0.5
	1654	5010	6.李逵	6	3.武器	3	106	80003	0.5	0.5
	1655	5010	6.李逵	6	3.武器	3	107	80003	0.5	0.5
	1656	5010	6.李逵	6	3.武器	3	108	80003	0.5	0.5
# 顧大嫂強化特效貼圖										
	1657	5010	7.顧大嫂	7	0.頭部	0	40	80001	0.1	0.1
	1658	5010	7.顧大嫂	7	0.頭部	0	41	80001	0.1	0.1
	1659	5010	7.顧大嫂	7	0.頭部	0	42	80001	0.1	0.1
	1660	5010	7.顧大嫂	7	0.頭部	0	43	80001	0.1	0.1
	1661	5010	7.顧大嫂	7	0.頭部	0	44	80001	0.1	0.1
	1662	5010	7.顧大嫂	7	0.頭部	0	45	80001	0.1	0.1
	1663	5010	7.顧大嫂	7	0.頭部	0	46	80001	0.1	0.1
	1664	5010	7.顧大嫂	7	0.頭部	0	47	80001	0.1	0.1
	1665	5010	7.顧大嫂	7	0.頭部	0	48	80001	0.1	0.1
	1666	5010	7.顧大嫂	7	0.頭部	0	49	80001	0.1	0.1
	1667	5010	7.顧大嫂	7	0.頭部	0	50	80001	0.1	0.1
	1668	5010	7.顧大嫂	7	0.頭部	0	51	80001	0.1	0.1
	1669	5010	7.顧大嫂	7	0.頭部	0	52	80001	0.1	0.1
	1670	5010	7.顧大嫂	7	0.頭部	0	53	80001	0.1	0.1
	1671	5010	7.顧大嫂	7	0.頭部	0	54	80001	0.1	0.1
	1672	5010	7.顧大嫂	7	0.頭部	0	55	80001	0.1	0.1
	1673	5010	7.顧大嫂	7	0.頭部	0	56	80001	0.1	0.1
	1674	5010	7.顧大嫂	7	0.頭部	0	57	80001	0.1	0.1
	1675	5010	7.顧大嫂	7	0.頭部	0	58	80001	0.1	0.1
	1676	5010	7.顧大嫂	7	0.頭部	0	59	80001	0.1	0.1
	1677	5010	7.顧大嫂	7	0.頭部	0	60	80001	0.1	0.1
	1678	5010	7.顧大嫂	7	0.頭部	0	61	80001	0.1	0.1
	1679	5010	7.顧大嫂	7	0.頭部	0	62	80001	0.1	0.1
	1680	5010	7.顧大嫂	7	0.頭部	0	63	80001	0.1	0.1
	1681	5010	7.顧大嫂	7	0.頭部	0	64	80001	0.1	0.1
	1682	5010	7.顧大嫂	7	0.頭部	0	65	80001	0.1	0.1
	1683	5010	7.顧大嫂	7	0.頭部	0	66	80001	0.1	0.1
	1684	5010	7.顧大嫂	7	0.頭部	0	67	80001	0.1	0.1
	1685	5010	7.顧大嫂	7	0.頭部	0	68	80001	0.1	0.1
	1686	5010	7.顧大嫂	7	0.頭部	0	69	80001	0.1	0.1
	1687	5010	7.顧大嫂	7	0.頭部	0	70	80002	0.3	0.3
	1688	5010	7.顧大嫂	7	0.頭部	0	71	80002	0.3	0.3
	1689	5010	7.顧大嫂	7	0.頭部	0	72	80002	0.3	0.3
	1690	5010	7.顧大嫂	7	0.頭部	0	73	80002	0.3	0.3
	1691	5010	7.顧大嫂	7	0.頭部	0	74	80002	0.3	0.3
	1692	5010	7.顧大嫂	7	0.頭部	0	75	80002	0.3	0.3
	1693	5010	7.顧大嫂	7	0.頭部	0	76	80002	0.3	0.3
	1694	5010	7.顧大嫂	7	0.頭部	0	77	80002	0.3	0.3
	1695	5010	7.顧大嫂	7	0.頭部	0	78	80002	0.3	0.3
	1696	5010	7.顧大嫂	7	0.頭部	0	79	80002	0.3	0.3
	1697	5010	7.顧大嫂	7	0.頭部	0	80	80002	0.3	0.3
	1698	5010	7.顧大嫂	7	0.頭部	0	81	80002	0.3	0.3
	1699	5010	7.顧大嫂	7	0.頭部	0	82	80002	0.3	0.3
	1700	5010	7.顧大嫂	7	0.頭部	0	83	80002	0.3	0.3
	1701	5010	7.顧大嫂	7	0.頭部	0	84	80002	0.3	0.3
	1702	5010	7.顧大嫂	7	0.頭部	0	85	80002	0.3	0.3
	1703	5010	7.顧大嫂	7	0.頭部	0	86	80002	0.3	0.3
	1704	5010	7.顧大嫂	7	0.頭部	0	87	80002	0.3	0.3
	1705	5010	7.顧大嫂	7	0.頭部	0	88	80002	0.3	0.3
	1706	5010	7.顧大嫂	7	0.頭部	0	89	80002	0.3	0.3
	1707	5010	7.顧大嫂	7	0.頭部	0	90	80002	0.3	0.3
	1708	5010	7.顧大嫂	7	0.頭部	0	91	80002	0.3	0.3
	1709	5010	7.顧大嫂	7	0.頭部	0	92	80002	0.3	0.3
	1710	5010	7.顧大嫂	7	0.頭部	0	93	80002	0.3	0.3
	1711	5010	7.顧大嫂	7	0.頭部	0	94	80002	0.3	0.3
	1712	5010	7.顧大嫂	7	0.頭部	0	95	80002	0.3	0.3
	1713	5010	7.顧大嫂	7	0.頭部	0	96	80002	0.3	0.3
	1714	5010	7.顧大嫂	7	0.頭部	0	97	80002	0.3	0.3
	1715	5010	7.顧大嫂	7	0.頭部	0	98	80002	0.3	0.3
	1716	5010	7.顧大嫂	7	0.頭部	0	99	80002	0.3	0.3
	1717	5010	7.顧大嫂	7	0.頭部	0	100	80003	0.5	0.5
	1718	5010	7.顧大嫂	7	0.頭部	0	101	80003	0.5	0.5
	1719	5010	7.顧大嫂	7	0.頭部	0	102	80003	0.5	0.5
	1720	5010	7.顧大嫂	7	0.頭部	0	103	80003	0.5	0.5
	1721	5010	7.顧大嫂	7	0.頭部	0	104	80003	0.5	0.5
	1722	5010	7.顧大嫂	7	0.頭部	0	105	80003	0.5	0.5
	1723	5010	7.顧大嫂	7	0.頭部	0	106	80003	0.5	0.5
	1724	5010	7.顧大嫂	7	0.頭部	0	107	80003	0.5	0.5
	1725	5010	7.顧大嫂	7	0.頭部	0	108	80003	0.5	0.5
	1726	5010	7.顧大嫂	7	1.上半身	1	40	80001	0.1	0.1
	1727	5010	7.顧大嫂	7	1.上半身	1	41	80001	0.1	0.1
	1728	5010	7.顧大嫂	7	1.上半身	1	42	80001	0.1	0.1
	1729	5010	7.顧大嫂	7	1.上半身	1	43	80001	0.1	0.1
	1730	5010	7.顧大嫂	7	1.上半身	1	44	80001	0.1	0.1
	1731	5010	7.顧大嫂	7	1.上半身	1	45	80001	0.1	0.1
	1732	5010	7.顧大嫂	7	1.上半身	1	46	80001	0.1	0.1
	1733	5010	7.顧大嫂	7	1.上半身	1	47	80001	0.1	0.1
	1734	5010	7.顧大嫂	7	1.上半身	1	48	80001	0.1	0.1
	1735	5010	7.顧大嫂	7	1.上半身	1	49	80001	0.1	0.1
	1736	5010	7.顧大嫂	7	1.上半身	1	50	80001	0.1	0.1
	1737	5010	7.顧大嫂	7	1.上半身	1	51	80001	0.1	0.1
	1738	5010	7.顧大嫂	7	1.上半身	1	52	80001	0.1	0.1
	1739	5010	7.顧大嫂	7	1.上半身	1	53	80001	0.1	0.1
	1740	5010	7.顧大嫂	7	1.上半身	1	54	80001	0.1	0.1
	1741	5010	7.顧大嫂	7	1.上半身	1	55	80001	0.1	0.1
	1742	5010	7.顧大嫂	7	1.上半身	1	56	80001	0.1	0.1
	1743	5010	7.顧大嫂	7	1.上半身	1	57	80001	0.1	0.1
	1744	5010	7.顧大嫂	7	1.上半身	1	58	80001	0.1	0.1
	1745	5010	7.顧大嫂	7	1.上半身	1	59	80001	0.1	0.1
	1746	5010	7.顧大嫂	7	1.上半身	1	60	80001	0.1	0.1
	1747	5010	7.顧大嫂	7	1.上半身	1	61	80001	0.1	0.1
	1748	5010	7.顧大嫂	7	1.上半身	1	62	80001	0.1	0.1
	1749	5010	7.顧大嫂	7	1.上半身	1	63	80001	0.1	0.1
	1750	5010	7.顧大嫂	7	1.上半身	1	64	80001	0.1	0.1
	1751	5010	7.顧大嫂	7	1.上半身	1	65	80001	0.1	0.1
	1752	5010	7.顧大嫂	7	1.上半身	1	66	80001	0.1	0.1
	1753	5010	7.顧大嫂	7	1.上半身	1	67	80001	0.1	0.1
	1754	5010	7.顧大嫂	7	1.上半身	1	68	80001	0.1	0.1
	1755	5010	7.顧大嫂	7	1.上半身	1	69	80001	0.1	0.1
	1756	5010	7.顧大嫂	7	1.上半身	1	70	80002	0.3	0.3
	1757	5010	7.顧大嫂	7	1.上半身	1	71	80002	0.3	0.3
	1758	5010	7.顧大嫂	7	1.上半身	1	72	80002	0.3	0.3
	1759	5010	7.顧大嫂	7	1.上半身	1	73	80002	0.3	0.3
	1760	5010	7.顧大嫂	7	1.上半身	1	74	80002	0.3	0.3
	1761	5010	7.顧大嫂	7	1.上半身	1	75	80002	0.3	0.3
	1762	5010	7.顧大嫂	7	1.上半身	1	76	80002	0.3	0.3
	1763	5010	7.顧大嫂	7	1.上半身	1	77	80002	0.3	0.3
	1764	5010	7.顧大嫂	7	1.上半身	1	78	80002	0.3	0.3
	1765	5010	7.顧大嫂	7	1.上半身	1	79	80002	0.3	0.3
	1766	5010	7.顧大嫂	7	1.上半身	1	80	80002	0.3	0.3
	1767	5010	7.顧大嫂	7	1.上半身	1	81	80002	0.3	0.3
	1768	5010	7.顧大嫂	7	1.上半身	1	82	80002	0.3	0.3
	1769	5010	7.顧大嫂	7	1.上半身	1	83	80002	0.3	0.3
	1770	5010	7.顧大嫂	7	1.上半身	1	84	80002	0.3	0.3
	1771	5010	7.顧大嫂	7	1.上半身	1	85	80002	0.3	0.3
	1772	5010	7.顧大嫂	7	1.上半身	1	86	80002	0.3	0.3
	1773	5010	7.顧大嫂	7	1.上半身	1	87	80002	0.3	0.3
	1774	5010	7.顧大嫂	7	1.上半身	1	88	80002	0.3	0.3
	1775	5010	7.顧大嫂	7	1.上半身	1	89	80002	0.3	0.3
	1776	5010	7.顧大嫂	7	1.上半身	1	90	80002	0.3	0.3
	1777	5010	7.顧大嫂	7	1.上半身	1	91	80002	0.3	0.3
	1778	5010	7.顧大嫂	7	1.上半身	1	92	80002	0.3	0.3
	1779	5010	7.顧大嫂	7	1.上半身	1	93	80002	0.3	0.3
	1780	5010	7.顧大嫂	7	1.上半身	1	94	80002	0.3	0.3
	1781	5010	7.顧大嫂	7	1.上半身	1	95	80002	0.3	0.3
	1782	5010	7.顧大嫂	7	1.上半身	1	96	80002	0.3	0.3
	1783	5010	7.顧大嫂	7	1.上半身	1	97	80002	0.3	0.3
	1784	5010	7.顧大嫂	7	1.上半身	1	98	80002	0.3	0.3
	1785	5010	7.顧大嫂	7	1.上半身	1	99	80002	0.3	0.3
	1786	5010	7.顧大嫂	7	1.上半身	1	100	80003	0.5	0.5
	1787	5010	7.顧大嫂	7	1.上半身	1	101	80003	0.5	0.5
	1788	5010	7.顧大嫂	7	1.上半身	1	102	80003	0.5	0.5
	1789	5010	7.顧大嫂	7	1.上半身	1	103	80003	0.5	0.5
	1790	5010	7.顧大嫂	7	1.上半身	1	104	80003	0.5	0.5
	1791	5010	7.顧大嫂	7	1.上半身	1	105	80003	0.5	0.5
	1792	5010	7.顧大嫂	7	1.上半身	1	106	80003	0.5	0.5
	1793	5010	7.顧大嫂	7	1.上半身	1	107	80003	0.5	0.5
	1794	5010	7.顧大嫂	7	1.上半身	1	108	80003	0.5	0.5
	1795	5010	7.顧大嫂	7	2.下半身	2	40	80001	0.1	0.1
	1796	5010	7.顧大嫂	7	2.下半身	2	41	80001	0.1	0.1
	1797	5010	7.顧大嫂	7	2.下半身	2	42	80001	0.1	0.1
	1798	5010	7.顧大嫂	7	2.下半身	2	43	80001	0.1	0.1
	1799	5010	7.顧大嫂	7	2.下半身	2	44	80001	0.1	0.1
	1800	5010	7.顧大嫂	7	2.下半身	2	45	80001	0.1	0.1
	1801	5010	7.顧大嫂	7	2.下半身	2	46	80001	0.1	0.1
	1802	5010	7.顧大嫂	7	2.下半身	2	47	80001	0.1	0.1
	1803	5010	7.顧大嫂	7	2.下半身	2	48	80001	0.1	0.1
	1804	5010	7.顧大嫂	7	2.下半身	2	49	80001	0.1	0.1
	1805	5010	7.顧大嫂	7	2.下半身	2	50	80001	0.1	0.1
	1806	5010	7.顧大嫂	7	2.下半身	2	51	80001	0.1	0.1
	1807	5010	7.顧大嫂	7	2.下半身	2	52	80001	0.1	0.1
	1808	5010	7.顧大嫂	7	2.下半身	2	53	80001	0.1	0.1
	1809	5010	7.顧大嫂	7	2.下半身	2	54	80001	0.1	0.1
	1810	5010	7.顧大嫂	7	2.下半身	2	55	80001	0.1	0.1
	1811	5010	7.顧大嫂	7	2.下半身	2	56	80001	0.1	0.1
	1812	5010	7.顧大嫂	7	2.下半身	2	57	80001	0.1	0.1
	1813	5010	7.顧大嫂	7	2.下半身	2	58	80001	0.1	0.1
	1814	5010	7.顧大嫂	7	2.下半身	2	59	80001	0.1	0.1
	1815	5010	7.顧大嫂	7	2.下半身	2	60	80001	0.1	0.1
	1816	5010	7.顧大嫂	7	2.下半身	2	61	80001	0.1	0.1
	1817	5010	7.顧大嫂	7	2.下半身	2	62	80001	0.1	0.1
	1818	5010	7.顧大嫂	7	2.下半身	2	63	80001	0.1	0.1
	1819	5010	7.顧大嫂	7	2.下半身	2	64	80001	0.1	0.1
	1820	5010	7.顧大嫂	7	2.下半身	2	65	80001	0.1	0.1
	1821	5010	7.顧大嫂	7	2.下半身	2	66	80001	0.1	0.1
	1822	5010	7.顧大嫂	7	2.下半身	2	67	80001	0.1	0.1
	1823	5010	7.顧大嫂	7	2.下半身	2	68	80001	0.1	0.1
	1824	5010	7.顧大嫂	7	2.下半身	2	69	80001	0.1	0.1
	1825	5010	7.顧大嫂	7	2.下半身	2	70	80002	0.3	0.3
	1826	5010	7.顧大嫂	7	2.下半身	2	71	80002	0.3	0.3
	1827	5010	7.顧大嫂	7	2.下半身	2	72	80002	0.3	0.3
	1828	5010	7.顧大嫂	7	2.下半身	2	73	80002	0.3	0.3
	1829	5010	7.顧大嫂	7	2.下半身	2	74	80002	0.3	0.3
	1830	5010	7.顧大嫂	7	2.下半身	2	75	80002	0.3	0.3
	1831	5010	7.顧大嫂	7	2.下半身	2	76	80002	0.3	0.3
	1832	5010	7.顧大嫂	7	2.下半身	2	77	80002	0.3	0.3
	1833	5010	7.顧大嫂	7	2.下半身	2	78	80002	0.3	0.3
	1834	5010	7.顧大嫂	7	2.下半身	2	79	80002	0.3	0.3
	1835	5010	7.顧大嫂	7	2.下半身	2	80	80002	0.3	0.3
	1836	5010	7.顧大嫂	7	2.下半身	2	81	80002	0.3	0.3
	1837	5010	7.顧大嫂	7	2.下半身	2	82	80002	0.3	0.3
	1838	5010	7.顧大嫂	7	2.下半身	2	83	80002	0.3	0.3
	1839	5010	7.顧大嫂	7	2.下半身	2	84	80002	0.3	0.3
	1840	5010	7.顧大嫂	7	2.下半身	2	85	80002	0.3	0.3
	1841	5010	7.顧大嫂	7	2.下半身	2	86	80002	0.3	0.3
	1842	5010	7.顧大嫂	7	2.下半身	2	87	80002	0.3	0.3
	1843	5010	7.顧大嫂	7	2.下半身	2	88	80002	0.3	0.3
	1844	5010	7.顧大嫂	7	2.下半身	2	89	80002	0.3	0.3
	1845	5010	7.顧大嫂	7	2.下半身	2	90	80002	0.3	0.3
	1846	5010	7.顧大嫂	7	2.下半身	2	91	80002	0.3	0.3
	1847	5010	7.顧大嫂	7	2.下半身	2	92	80002	0.3	0.3
	1848	5010	7.顧大嫂	7	2.下半身	2	93	80002	0.3	0.3
	1849	5010	7.顧大嫂	7	2.下半身	2	94	80002	0.3	0.3
	1850	5010	7.顧大嫂	7	2.下半身	2	95	80002	0.3	0.3
	1851	5010	7.顧大嫂	7	2.下半身	2	96	80002	0.3	0.3
	1852	5010	7.顧大嫂	7	2.下半身	2	97	80002	0.3	0.3
	1853	5010	7.顧大嫂	7	2.下半身	2	98	80002	0.3	0.3
	1854	5010	7.顧大嫂	7	2.下半身	2	99	80002	0.3	0.3
	1855	5010	7.顧大嫂	7	2.下半身	2	100	80003	0.5	0.5
	1856	5010	7.顧大嫂	7	2.下半身	2	101	80003	0.5	0.5
	1857	5010	7.顧大嫂	7	2.下半身	2	102	80003	0.5	0.5
	1858	5010	7.顧大嫂	7	2.下半身	2	103	80003	0.5	0.5
	1859	5010	7.顧大嫂	7	2.下半身	2	104	80003	0.5	0.5
	1860	5010	7.顧大嫂	7	2.下半身	2	105	80003	0.5	0.5
	1861	5010	7.顧大嫂	7	2.下半身	2	106	80003	0.5	0.5
	1862	5010	7.顧大嫂	7	2.下半身	2	107	80003	0.5	0.5
	1863	5010	7.顧大嫂	7	2.下半身	2	108	80003	0.5	0.5
	1864	5010	7.顧大嫂	7	3.武器	3	40	80001	0.1	0.1
	1865	5010	7.顧大嫂	7	3.武器	3	41	80001	0.1	0.1
	1866	5010	7.顧大嫂	7	3.武器	3	42	80001	0.1	0.1
	1867	5010	7.顧大嫂	7	3.武器	3	43	80001	0.1	0.1
	1868	5010	7.顧大嫂	7	3.武器	3	44	80001	0.1	0.1
	1869	5010	7.顧大嫂	7	3.武器	3	45	80001	0.1	0.1
	1870	5010	7.顧大嫂	7	3.武器	3	46	80001	0.1	0.1
	1871	5010	7.顧大嫂	7	3.武器	3	47	80001	0.1	0.1
	1872	5010	7.顧大嫂	7	3.武器	3	48	80001	0.1	0.1
	1873	5010	7.顧大嫂	7	3.武器	3	49	80001	0.1	0.1
	1874	5010	7.顧大嫂	7	3.武器	3	50	80001	0.1	0.1
	1875	5010	7.顧大嫂	7	3.武器	3	51	80001	0.1	0.1
	1876	5010	7.顧大嫂	7	3.武器	3	52	80001	0.1	0.1
	1877	5010	7.顧大嫂	7	3.武器	3	53	80001	0.1	0.1
	1878	5010	7.顧大嫂	7	3.武器	3	54	80001	0.1	0.1
	1879	5010	7.顧大嫂	7	3.武器	3	55	80001	0.1	0.1
	1880	5010	7.顧大嫂	7	3.武器	3	56	80001	0.1	0.1
	1881	5010	7.顧大嫂	7	3.武器	3	57	80001	0.1	0.1
	1882	5010	7.顧大嫂	7	3.武器	3	58	80001	0.1	0.1
	1883	5010	7.顧大嫂	7	3.武器	3	59	80001	0.1	0.1
	1884	5010	7.顧大嫂	7	3.武器	3	60	80001	0.1	0.1
	1885	5010	7.顧大嫂	7	3.武器	3	61	80001	0.1	0.1
	1886	5010	7.顧大嫂	7	3.武器	3	62	80001	0.1	0.1
	1887	5010	7.顧大嫂	7	3.武器	3	63	80001	0.1	0.1
	1888	5010	7.顧大嫂	7	3.武器	3	64	80001	0.1	0.1
	1889	5010	7.顧大嫂	7	3.武器	3	65	80001	0.1	0.1
	1890	5010	7.顧大嫂	7	3.武器	3	66	80001	0.1	0.1
	1891	5010	7.顧大嫂	7	3.武器	3	67	80001	0.1	0.1
	1892	5010	7.顧大嫂	7	3.武器	3	68	80001	0.1	0.1
	1893	5010	7.顧大嫂	7	3.武器	3	69	80001	0.1	0.1
	1894	5010	7.顧大嫂	7	3.武器	3	70	80002	0.3	0.3
	1895	5010	7.顧大嫂	7	3.武器	3	71	80002	0.3	0.3
	1896	5010	7.顧大嫂	7	3.武器	3	72	80002	0.3	0.3
	1897	5010	7.顧大嫂	7	3.武器	3	73	80002	0.3	0.3
	1898	5010	7.顧大嫂	7	3.武器	3	74	80002	0.3	0.3
	1899	5010	7.顧大嫂	7	3.武器	3	75	80002	0.3	0.3
	1900	5010	7.顧大嫂	7	3.武器	3	76	80002	0.3	0.3
	1901	5010	7.顧大嫂	7	3.武器	3	77	80002	0.3	0.3
	1902	5010	7.顧大嫂	7	3.武器	3	78	80002	0.3	0.3
	1903	5010	7.顧大嫂	7	3.武器	3	79	80002	0.3	0.3
	1904	5010	7.顧大嫂	7	3.武器	3	80	80002	0.3	0.3
	1905	5010	7.顧大嫂	7	3.武器	3	81	80002	0.3	0.3
	1906	5010	7.顧大嫂	7	3.武器	3	82	80002	0.3	0.3
	1907	5010	7.顧大嫂	7	3.武器	3	83	80002	0.3	0.3
	1908	5010	7.顧大嫂	7	3.武器	3	84	80002	0.3	0.3
	1909	5010	7.顧大嫂	7	3.武器	3	85	80002	0.3	0.3
	1910	5010	7.顧大嫂	7	3.武器	3	86	80002	0.3	0.3
	1911	5010	7.顧大嫂	7	3.武器	3	87	80002	0.3	0.3
	1912	5010	7.顧大嫂	7	3.武器	3	88	80002	0.3	0.3
	1913	5010	7.顧大嫂	7	3.武器	3	89	80002	0.3	0.3
	1914	5010	7.顧大嫂	7	3.武器	3	90	80002	0.3	0.3
	1915	5010	7.顧大嫂	7	3.武器	3	91	80002	0.3	0.3
	1916	5010	7.顧大嫂	7	3.武器	3	92	80002	0.3	0.3
	1917	5010	7.顧大嫂	7	3.武器	3	93	80002	0.3	0.3
	1918	5010	7.顧大嫂	7	3.武器	3	94	80002	0.3	0.3
	1919	5010	7.顧大嫂	7	3.武器	3	95	80002	0.3	0.3
	1920	5010	7.顧大嫂	7	3.武器	3	96	80002	0.3	0.3
	1921	5010	7.顧大嫂	7	3.武器	3	97	80002	0.3	0.3
	1922	5010	7.顧大嫂	7	3.武器	3	98	80002	0.3	0.3
	1923	5010	7.顧大嫂	7	3.武器	3	99	80002	0.3	0.3
	1924	5010	7.顧大嫂	7	3.武器	3	100	80003	0.5	0.5
	1925	5010	7.顧大嫂	7	3.武器	3	101	80003	0.5	0.5
	1926	5010	7.顧大嫂	7	3.武器	3	102	80003	0.5	0.5
	1927	5010	7.顧大嫂	7	3.武器	3	103	80003	0.5	0.5
	1928	5010	7.顧大嫂	7	3.武器	3	104	80003	0.5	0.5
	1929	5010	7.顧大嫂	7	3.武器	3	105	80003	0.5	0.5
	1930	5010	7.顧大嫂	7	3.武器	3	106	80003	0.5	0.5
	1931	5010	7.顧大嫂	7	3.武器	3	107	80003	0.5	0.5
	1932	5010	7.顧大嫂	7	3.武器	3	108	80003	0.5	0.5
# 花榮強化特效貼圖										
	1933	5010	8.花榮	8	0.頭部	0	40	80001	0.1	0.1
	1934	5010	8.花榮	8	0.頭部	0	41	80001	0.1	0.1
	1935	5010	8.花榮	8	0.頭部	0	42	80001	0.1	0.1
	1936	5010	8.花榮	8	0.頭部	0	43	80001	0.1	0.1
	1937	5010	8.花榮	8	0.頭部	0	44	80001	0.1	0.1
	1938	5010	8.花榮	8	0.頭部	0	45	80001	0.1	0.1
	1939	5010	8.花榮	8	0.頭部	0	46	80001	0.1	0.1
	1940	5010	8.花榮	8	0.頭部	0	47	80001	0.1	0.1
	1941	5010	8.花榮	8	0.頭部	0	48	80001	0.1	0.1
	1942	5010	8.花榮	8	0.頭部	0	49	80001	0.1	0.1
	1943	5010	8.花榮	8	0.頭部	0	50	80001	0.1	0.1
	1944	5010	8.花榮	8	0.頭部	0	51	80001	0.1	0.1
	1945	5010	8.花榮	8	0.頭部	0	52	80001	0.1	0.1
	1946	5010	8.花榮	8	0.頭部	0	53	80001	0.1	0.1
	1947	5010	8.花榮	8	0.頭部	0	54	80001	0.1	0.1
	1948	5010	8.花榮	8	0.頭部	0	55	80001	0.1	0.1
	1949	5010	8.花榮	8	0.頭部	0	56	80001	0.1	0.1
	1950	5010	8.花榮	8	0.頭部	0	57	80001	0.1	0.1
	1951	5010	8.花榮	8	0.頭部	0	58	80001	0.1	0.1
	1952	5010	8.花榮	8	0.頭部	0	59	80001	0.1	0.1
	1953	5010	8.花榮	8	0.頭部	0	60	80001	0.1	0.1
	1954	5010	8.花榮	8	0.頭部	0	61	80001	0.1	0.1
	1955	5010	8.花榮	8	0.頭部	0	62	80001	0.1	0.1
	1956	5010	8.花榮	8	0.頭部	0	63	80001	0.1	0.1
	1957	5010	8.花榮	8	0.頭部	0	64	80001	0.1	0.1
	1958	5010	8.花榮	8	0.頭部	0	65	80001	0.1	0.1
	1959	5010	8.花榮	8	0.頭部	0	66	80001	0.1	0.1
	1960	5010	8.花榮	8	0.頭部	0	67	80001	0.1	0.1
	1961	5010	8.花榮	8	0.頭部	0	68	80001	0.1	0.1
	1962	5010	8.花榮	8	0.頭部	0	69	80001	0.1	0.1
	1963	5010	8.花榮	8	0.頭部	0	70	80002	0.3	0.3
	1964	5010	8.花榮	8	0.頭部	0	71	80002	0.3	0.3
	1965	5010	8.花榮	8	0.頭部	0	72	80002	0.3	0.3
	1966	5010	8.花榮	8	0.頭部	0	73	80002	0.3	0.3
	1967	5010	8.花榮	8	0.頭部	0	74	80002	0.3	0.3
	1968	5010	8.花榮	8	0.頭部	0	75	80002	0.3	0.3
	1969	5010	8.花榮	8	0.頭部	0	76	80002	0.3	0.3
	1970	5010	8.花榮	8	0.頭部	0	77	80002	0.3	0.3
	1971	5010	8.花榮	8	0.頭部	0	78	80002	0.3	0.3
	1972	5010	8.花榮	8	0.頭部	0	79	80002	0.3	0.3
	1973	5010	8.花榮	8	0.頭部	0	80	80002	0.3	0.3
	1974	5010	8.花榮	8	0.頭部	0	81	80002	0.3	0.3
	1975	5010	8.花榮	8	0.頭部	0	82	80002	0.3	0.3
	1976	5010	8.花榮	8	0.頭部	0	83	80002	0.3	0.3
	1977	5010	8.花榮	8	0.頭部	0	84	80002	0.3	0.3
	1978	5010	8.花榮	8	0.頭部	0	85	80002	0.3	0.3
	1979	5010	8.花榮	8	0.頭部	0	86	80002	0.3	0.3
	1980	5010	8.花榮	8	0.頭部	0	87	80002	0.3	0.3
	1981	5010	8.花榮	8	0.頭部	0	88	80002	0.3	0.3
	1982	5010	8.花榮	8	0.頭部	0	89	80002	0.3	0.3
	1983	5010	8.花榮	8	0.頭部	0	90	80002	0.3	0.3
	1984	5010	8.花榮	8	0.頭部	0	91	80002	0.3	0.3
	1985	5010	8.花榮	8	0.頭部	0	92	80002	0.3	0.3
	1986	5010	8.花榮	8	0.頭部	0	93	80002	0.3	0.3
	1987	5010	8.花榮	8	0.頭部	0	94	80002	0.3	0.3
	1988	5010	8.花榮	8	0.頭部	0	95	80002	0.3	0.3
	1989	5010	8.花榮	8	0.頭部	0	96	80002	0.3	0.3
	1990	5010	8.花榮	8	0.頭部	0	97	80002	0.3	0.3
	1991	5010	8.花榮	8	0.頭部	0	98	80002	0.3	0.3
	1992	5010	8.花榮	8	0.頭部	0	99	80002	0.3	0.3
	1993	5010	8.花榮	8	0.頭部	0	100	80003	0.5	0.5
	1994	5010	8.花榮	8	0.頭部	0	101	80003	0.5	0.5
	1995	5010	8.花榮	8	0.頭部	0	102	80003	0.5	0.5
	1996	5010	8.花榮	8	0.頭部	0	103	80003	0.5	0.5
	1997	5010	8.花榮	8	0.頭部	0	104	80003	0.5	0.5
	1998	5010	8.花榮	8	0.頭部	0	105	80003	0.5	0.5
	1999	5010	8.花榮	8	0.頭部	0	106	80003	0.5	0.5
	2000	5010	8.花榮	8	0.頭部	0	107	80003	0.5	0.5
	2001	5010	8.花榮	8	0.頭部	0	108	80003	0.5	0.5
	2002	5010	8.花榮	8	1.上半身	1	40	80001	0.1	0.1
	2003	5010	8.花榮	8	1.上半身	1	41	80001	0.1	0.1
	2004	5010	8.花榮	8	1.上半身	1	42	80001	0.1	0.1
	2005	5010	8.花榮	8	1.上半身	1	43	80001	0.1	0.1
	2006	5010	8.花榮	8	1.上半身	1	44	80001	0.1	0.1
	2007	5010	8.花榮	8	1.上半身	1	45	80001	0.1	0.1
	2008	5010	8.花榮	8	1.上半身	1	46	80001	0.1	0.1
	2009	5010	8.花榮	8	1.上半身	1	47	80001	0.1	0.1
	2010	5010	8.花榮	8	1.上半身	1	48	80001	0.1	0.1
	2011	5010	8.花榮	8	1.上半身	1	49	80001	0.1	0.1
	2012	5010	8.花榮	8	1.上半身	1	50	80001	0.1	0.1
	2013	5010	8.花榮	8	1.上半身	1	51	80001	0.1	0.1
	2014	5010	8.花榮	8	1.上半身	1	52	80001	0.1	0.1
	2015	5010	8.花榮	8	1.上半身	1	53	80001	0.1	0.1
	2016	5010	8.花榮	8	1.上半身	1	54	80001	0.1	0.1
	2017	5010	8.花榮	8	1.上半身	1	55	80001	0.1	0.1
	2018	5010	8.花榮	8	1.上半身	1	56	80001	0.1	0.1
	2019	5010	8.花榮	8	1.上半身	1	57	80001	0.1	0.1
	2020	5010	8.花榮	8	1.上半身	1	58	80001	0.1	0.1
	2021	5010	8.花榮	8	1.上半身	1	59	80001	0.1	0.1
	2022	5010	8.花榮	8	1.上半身	1	60	80001	0.1	0.1
	2023	5010	8.花榮	8	1.上半身	1	61	80001	0.1	0.1
	2024	5010	8.花榮	8	1.上半身	1	62	80001	0.1	0.1
	2025	5010	8.花榮	8	1.上半身	1	63	80001	0.1	0.1
	2026	5010	8.花榮	8	1.上半身	1	64	80001	0.1	0.1
	2027	5010	8.花榮	8	1.上半身	1	65	80001	0.1	0.1
	2028	5010	8.花榮	8	1.上半身	1	66	80001	0.1	0.1
	2029	5010	8.花榮	8	1.上半身	1	67	80001	0.1	0.1
	2030	5010	8.花榮	8	1.上半身	1	68	80001	0.1	0.1
	2031	5010	8.花榮	8	1.上半身	1	69	80001	0.1	0.1
	2032	5010	8.花榮	8	1.上半身	1	70	80002	0.3	0.3
	2033	5010	8.花榮	8	1.上半身	1	71	80002	0.3	0.3
	2034	5010	8.花榮	8	1.上半身	1	72	80002	0.3	0.3
	2035	5010	8.花榮	8	1.上半身	1	73	80002	0.3	0.3
	2036	5010	8.花榮	8	1.上半身	1	74	80002	0.3	0.3
	2037	5010	8.花榮	8	1.上半身	1	75	80002	0.3	0.3
	2038	5010	8.花榮	8	1.上半身	1	76	80002	0.3	0.3
	2039	5010	8.花榮	8	1.上半身	1	77	80002	0.3	0.3
	2040	5010	8.花榮	8	1.上半身	1	78	80002	0.3	0.3
	2041	5010	8.花榮	8	1.上半身	1	79	80002	0.3	0.3
	2042	5010	8.花榮	8	1.上半身	1	80	80002	0.3	0.3
	2043	5010	8.花榮	8	1.上半身	1	81	80002	0.3	0.3
	2044	5010	8.花榮	8	1.上半身	1	82	80002	0.3	0.3
	2045	5010	8.花榮	8	1.上半身	1	83	80002	0.3	0.3
	2046	5010	8.花榮	8	1.上半身	1	84	80002	0.3	0.3
	2047	5010	8.花榮	8	1.上半身	1	85	80002	0.3	0.3
	2048	5010	8.花榮	8	1.上半身	1	86	80002	0.3	0.3
	2049	5010	8.花榮	8	1.上半身	1	87	80002	0.3	0.3
	2050	5010	8.花榮	8	1.上半身	1	88	80002	0.3	0.3
	2051	5010	8.花榮	8	1.上半身	1	89	80002	0.3	0.3
	2052	5010	8.花榮	8	1.上半身	1	90	80002	0.3	0.3
	2053	5010	8.花榮	8	1.上半身	1	91	80002	0.3	0.3
	2054	5010	8.花榮	8	1.上半身	1	92	80002	0.3	0.3
	2055	5010	8.花榮	8	1.上半身	1	93	80002	0.3	0.3
	2056	5010	8.花榮	8	1.上半身	1	94	80002	0.3	0.3
	2057	5010	8.花榮	8	1.上半身	1	95	80002	0.3	0.3
	2058	5010	8.花榮	8	1.上半身	1	96	80002	0.3	0.3
	2059	5010	8.花榮	8	1.上半身	1	97	80002	0.3	0.3
	2060	5010	8.花榮	8	1.上半身	1	98	80002	0.3	0.3
	2061	5010	8.花榮	8	1.上半身	1	99	80002	0.3	0.3
	2062	5010	8.花榮	8	1.上半身	1	100	80003	0.5	0.5
	2063	5010	8.花榮	8	1.上半身	1	101	80003	0.5	0.5
	2064	5010	8.花榮	8	1.上半身	1	102	80003	0.5	0.5
	2065	5010	8.花榮	8	1.上半身	1	103	80003	0.5	0.5
	2066	5010	8.花榮	8	1.上半身	1	104	80003	0.5	0.5
	2067	5010	8.花榮	8	1.上半身	1	105	80003	0.5	0.5
	2068	5010	8.花榮	8	1.上半身	1	106	80003	0.5	0.5
	2069	5010	8.花榮	8	1.上半身	1	107	80003	0.5	0.5
	2070	5010	8.花榮	8	1.上半身	1	108	80003	0.5	0.5
	2071	5010	8.花榮	8	2.下半身	2	40	80001	0.1	0.1
	2072	5010	8.花榮	8	2.下半身	2	41	80001	0.1	0.1
	2073	5010	8.花榮	8	2.下半身	2	42	80001	0.1	0.1
	2074	5010	8.花榮	8	2.下半身	2	43	80001	0.1	0.1
	2075	5010	8.花榮	8	2.下半身	2	44	80001	0.1	0.1
	2076	5010	8.花榮	8	2.下半身	2	45	80001	0.1	0.1
	2077	5010	8.花榮	8	2.下半身	2	46	80001	0.1	0.1
	2078	5010	8.花榮	8	2.下半身	2	47	80001	0.1	0.1
	2079	5010	8.花榮	8	2.下半身	2	48	80001	0.1	0.1
	2080	5010	8.花榮	8	2.下半身	2	49	80001	0.1	0.1
	2081	5010	8.花榮	8	2.下半身	2	50	80001	0.1	0.1
	2082	5010	8.花榮	8	2.下半身	2	51	80001	0.1	0.1
	2083	5010	8.花榮	8	2.下半身	2	52	80001	0.1	0.1
	2084	5010	8.花榮	8	2.下半身	2	53	80001	0.1	0.1
	2085	5010	8.花榮	8	2.下半身	2	54	80001	0.1	0.1
	2086	5010	8.花榮	8	2.下半身	2	55	80001	0.1	0.1
	2087	5010	8.花榮	8	2.下半身	2	56	80001	0.1	0.1
	2088	5010	8.花榮	8	2.下半身	2	57	80001	0.1	0.1
	2089	5010	8.花榮	8	2.下半身	2	58	80001	0.1	0.1
	2090	5010	8.花榮	8	2.下半身	2	59	80001	0.1	0.1
	2091	5010	8.花榮	8	2.下半身	2	60	80001	0.1	0.1
	2092	5010	8.花榮	8	2.下半身	2	61	80001	0.1	0.1
	2093	5010	8.花榮	8	2.下半身	2	62	80001	0.1	0.1
	2094	5010	8.花榮	8	2.下半身	2	63	80001	0.1	0.1
	2095	5010	8.花榮	8	2.下半身	2	64	80001	0.1	0.1
	2096	5010	8.花榮	8	2.下半身	2	65	80001	0.1	0.1
	2097	5010	8.花榮	8	2.下半身	2	66	80001	0.1	0.1
	2098	5010	8.花榮	8	2.下半身	2	67	80001	0.1	0.1
	2099	5010	8.花榮	8	2.下半身	2	68	80001	0.1	0.1
	2100	5010	8.花榮	8	2.下半身	2	69	80001	0.1	0.1
	2101	5010	8.花榮	8	2.下半身	2	70	80002	0.3	0.3
	2102	5010	8.花榮	8	2.下半身	2	71	80002	0.3	0.3
	2103	5010	8.花榮	8	2.下半身	2	72	80002	0.3	0.3
	2104	5010	8.花榮	8	2.下半身	2	73	80002	0.3	0.3
	2105	5010	8.花榮	8	2.下半身	2	74	80002	0.3	0.3
	2106	5010	8.花榮	8	2.下半身	2	75	80002	0.3	0.3
	2107	5010	8.花榮	8	2.下半身	2	76	80002	0.3	0.3
	2108	5010	8.花榮	8	2.下半身	2	77	80002	0.3	0.3
	2109	5010	8.花榮	8	2.下半身	2	78	80002	0.3	0.3
	2110	5010	8.花榮	8	2.下半身	2	79	80002	0.3	0.3
	2111	5010	8.花榮	8	2.下半身	2	80	80002	0.3	0.3
	2112	5010	8.花榮	8	2.下半身	2	81	80002	0.3	0.3
	2113	5010	8.花榮	8	2.下半身	2	82	80002	0.3	0.3
	2114	5010	8.花榮	8	2.下半身	2	83	80002	0.3	0.3
	2115	5010	8.花榮	8	2.下半身	2	84	80002	0.3	0.3
	2116	5010	8.花榮	8	2.下半身	2	85	80002	0.3	0.3
	2117	5010	8.花榮	8	2.下半身	2	86	80002	0.3	0.3
	2118	5010	8.花榮	8	2.下半身	2	87	80002	0.3	0.3
	2119	5010	8.花榮	8	2.下半身	2	88	80002	0.3	0.3
	2120	5010	8.花榮	8	2.下半身	2	89	80002	0.3	0.3
	2121	5010	8.花榮	8	2.下半身	2	90	80002	0.3	0.3
	2122	5010	8.花榮	8	2.下半身	2	91	80002	0.3	0.3
	2123	5010	8.花榮	8	2.下半身	2	92	80002	0.3	0.3
	2124	5010	8.花榮	8	2.下半身	2	93	80002	0.3	0.3
	2125	5010	8.花榮	8	2.下半身	2	94	80002	0.3	0.3
	2126	5010	8.花榮	8	2.下半身	2	95	80002	0.3	0.3
	2127	5010	8.花榮	8	2.下半身	2	96	80002	0.3	0.3
	2128	5010	8.花榮	8	2.下半身	2	97	80002	0.3	0.3
	2129	5010	8.花榮	8	2.下半身	2	98	80002	0.3	0.3
	2130	5010	8.花榮	8	2.下半身	2	99	80002	0.3	0.3
	2131	5010	8.花榮	8	2.下半身	2	100	80003	0.5	0.5
	2132	5010	8.花榮	8	2.下半身	2	101	80003	0.5	0.5
	2133	5010	8.花榮	8	2.下半身	2	102	80003	0.5	0.5
	2134	5010	8.花榮	8	2.下半身	2	103	80003	0.5	0.5
	2135	5010	8.花榮	8	2.下半身	2	104	80003	0.5	0.5
	2136	5010	8.花榮	8	2.下半身	2	105	80003	0.5	0.5
	2137	5010	8.花榮	8	2.下半身	2	106	80003	0.5	0.5
	2138	5010	8.花榮	8	2.下半身	2	107	80003	0.5	0.5
	2139	5010	8.花榮	8	2.下半身	2	108	80003	0.5	0.5
	2140	5010	8.花榮	8	3.武器	3	40	80001	0.1	0.1
	2141	5010	8.花榮	8	3.武器	3	41	80001	0.1	0.1
	2142	5010	8.花榮	8	3.武器	3	42	80001	0.1	0.1
	2143	5010	8.花榮	8	3.武器	3	43	80001	0.1	0.1
	2144	5010	8.花榮	8	3.武器	3	44	80001	0.1	0.1
	2145	5010	8.花榮	8	3.武器	3	45	80001	0.1	0.1
	2146	5010	8.花榮	8	3.武器	3	46	80001	0.1	0.1
	2147	5010	8.花榮	8	3.武器	3	47	80001	0.1	0.1
	2148	5010	8.花榮	8	3.武器	3	48	80001	0.1	0.1
	2149	5010	8.花榮	8	3.武器	3	49	80001	0.1	0.1
	2150	5010	8.花榮	8	3.武器	3	50	80001	0.1	0.1
	2151	5010	8.花榮	8	3.武器	3	51	80001	0.1	0.1
	2152	5010	8.花榮	8	3.武器	3	52	80001	0.1	0.1
	2153	5010	8.花榮	8	3.武器	3	53	80001	0.1	0.1
	2154	5010	8.花榮	8	3.武器	3	54	80001	0.1	0.1
	2155	5010	8.花榮	8	3.武器	3	55	80001	0.1	0.1
	2156	5010	8.花榮	8	3.武器	3	56	80001	0.1	0.1
	2157	5010	8.花榮	8	3.武器	3	57	80001	0.1	0.1
	2158	5010	8.花榮	8	3.武器	3	58	80001	0.1	0.1
	2159	5010	8.花榮	8	3.武器	3	59	80001	0.1	0.1
	2160	5010	8.花榮	8	3.武器	3	60	80001	0.1	0.1
	2161	5010	8.花榮	8	3.武器	3	61	80001	0.1	0.1
	2162	5010	8.花榮	8	3.武器	3	62	80001	0.1	0.1
	2163	5010	8.花榮	8	3.武器	3	63	80001	0.1	0.1
	2164	5010	8.花榮	8	3.武器	3	64	80001	0.1	0.1
	2165	5010	8.花榮	8	3.武器	3	65	80001	0.1	0.1
	2166	5010	8.花榮	8	3.武器	3	66	80001	0.1	0.1
	2167	5010	8.花榮	8	3.武器	3	67	80001	0.1	0.1
	2168	5010	8.花榮	8	3.武器	3	68	80001	0.1	0.1
	2169	5010	8.花榮	8	3.武器	3	69	80001	0.1	0.1
	2170	5010	8.花榮	8	3.武器	3	70	80002	0.3	0.3
	2171	5010	8.花榮	8	3.武器	3	71	80002	0.3	0.3
	2172	5010	8.花榮	8	3.武器	3	72	80002	0.3	0.3
	2173	5010	8.花榮	8	3.武器	3	73	80002	0.3	0.3
	2174	5010	8.花榮	8	3.武器	3	74	80002	0.3	0.3
	2175	5010	8.花榮	8	3.武器	3	75	80002	0.3	0.3
	2176	5010	8.花榮	8	3.武器	3	76	80002	0.3	0.3
	2177	5010	8.花榮	8	3.武器	3	77	80002	0.3	0.3
	2178	5010	8.花榮	8	3.武器	3	78	80002	0.3	0.3
	2179	5010	8.花榮	8	3.武器	3	79	80002	0.3	0.3
	2180	5010	8.花榮	8	3.武器	3	80	80002	0.3	0.3
	2181	5010	8.花榮	8	3.武器	3	81	80002	0.3	0.3
	2182	5010	8.花榮	8	3.武器	3	82	80002	0.3	0.3
	2183	5010	8.花榮	8	3.武器	3	83	80002	0.3	0.3
	2184	5010	8.花榮	8	3.武器	3	84	80002	0.3	0.3
	2185	5010	8.花榮	8	3.武器	3	85	80002	0.3	0.3
	2186	5010	8.花榮	8	3.武器	3	86	80002	0.3	0.3
	2187	5010	8.花榮	8	3.武器	3	87	80002	0.3	0.3
	2188	5010	8.花榮	8	3.武器	3	88	80002	0.3	0.3
	2189	5010	8.花榮	8	3.武器	3	89	80002	0.3	0.3
	2190	5010	8.花榮	8	3.武器	3	90	80002	0.3	0.3
	2191	5010	8.花榮	8	3.武器	3	91	80002	0.3	0.3
	2192	5010	8.花榮	8	3.武器	3	92	80002	0.3	0.3
	2193	5010	8.花榮	8	3.武器	3	93	80002	0.3	0.3
	2194	5010	8.花榮	8	3.武器	3	94	80002	0.3	0.3
	2195	5010	8.花榮	8	3.武器	3	95	80002	0.3	0.3
	2196	5010	8.花榮	8	3.武器	3	96	80002	0.3	0.3
	2197	5010	8.花榮	8	3.武器	3	97	80002	0.3	0.3
	2198	5010	8.花榮	8	3.武器	3	98	80002	0.3	0.3
	2199	5010	8.花榮	8	3.武器	3	99	80002	0.3	0.3
	2200	5010	8.花榮	8	3.武器	3	100	80003	0.5	0.5
	2201	5010	8.花榮	8	3.武器	3	101	80003	0.5	0.5
	2202	5010	8.花榮	8	3.武器	3	102	80003	0.5	0.5
	2203	5010	8.花榮	8	3.武器	3	103	80003	0.5	0.5
	2204	5010	8.花榮	8	3.武器	3	104	80003	0.5	0.5
	2205	5010	8.花榮	8	3.武器	3	105	80003	0.5	0.5
	2206	5010	8.花榮	8	3.武器	3	106	80003	0.5	0.5
	2207	5010	8.花榮	8	3.武器	3	107	80003	0.5	0.5
	2208	5010	8.花榮	8	3.武器	3	108	80003	0.5	0.5
