#	Id	ClassId													AttackRate	DefenceRate	StrengthRate	DexterityRate	ConstitutionRate	IntelligenceRate	GroundHarmRate	WaterHarmRate	FireHarmRate	WindHarmRate	UngroundRate	UnwaterRate	UnfireRate	UnwindRate							
# 參照或參數								72	73				100%																						
# 參照或參數								100%	0%				130%																						
 #			名稱	使用技能角色	角色屬性	使用者類型	使用者等級	動作時間	集氣時間	參考DPS	攻擊次數	攻／狀型比例	參考比例	實際物傷比例	攻百分比	防百分比	力百分比	敏百分比	體百分比	智百分比	地百分比	水百分比	火百分比	風百分比	地防百分比	水防百分比	火防百分比	風防百分比							
# 科目0-種類00-角色0-項目00-等級00																																			
# 0000000~1999999 為PC技能															PC單一傷害之武器及素質和之傷害比例最低自80%計算起（Skill另佔30%）														*技能本身增加的傷害該有全攻擊力的30%，連擊不使用固定值，故連擊的傷害該從130%起跳						
# PC 連擊												連擊不帶元素傷害之比例																							
	101	9500	基本攻擊	1.林沖		PC		500	100	1	1	90%	93%	90%	90	0	0	0	0	0	0	0	0	0	0	0	0	0							
	102	9500	第二段攻擊	1.林沖		PC		500	100	1	1	100%	100%	100%	100	0	0	0	0	0	0	0	0	0	0	0	0	0							
	103	9500	第三段攻擊	1.林沖		PC		500	100	1	1	110%	108%	110%	110	0	0	0	0	0	0	0	0	0	0	0	0	0							
	104	9500	第四段攻擊	1.林沖		PC		1000	400	2	1	100%	175%	150%	150	0	0	0	0	0	0	0	0	0	0	0	0	0							
	201	9500	基本攻擊	2.雷橫		PC		433	100	0.9	1	90%	86%	90%	90	0	0	0	0	0	0	0	0	0	0	0	0	0							
	202	9500	第二段攻擊	2.雷橫		PC		433	100	0.9	1	100%	93%	100%	100	0	0	0	0	0	0	0	0	0	0	0	0	0							
	203	9500	第三段攻擊	2.雷橫		PC		500	100	1	1	110%	108%	110%	110	0	0	0	0	0	0	0	0	0	0	0	0	0							
	204	9500	第四段攻擊	2.雷橫		PC		833	400	1.7	1	100%	153%	150%	150	0	0	0	0	0	0	0	0	0	0	0	0	0							
	301	9500	基本攻擊	3.孫二娘		PC		500	0	1	2	90%	59%	60%	60	0	0	0	0	0	0	0	0	0	0	0	0	0							
	302	9500	第二段攻擊	3.孫二娘		PC		500	0	1	2	100%	63%	65%	65	0	0	0	0	0	0	0	0	0	0	0	0	0							
	303	9500	第三段攻擊	3.孫二娘		PC		767	0	1.5	2	110%	87%	70%	70	0	0	0	0	0	0	0	0	0	0	0	0	0							
	304	9500	第四段攻擊	3.孫二娘		PC		1000	500	2	1	100%	175%	150%	150	0	0	0	0	0	0	0	0	0	0	0	0	0							
	401	9500	基本攻擊	4.戴宗		PC		667	200	1.3	2	90%	69%	60%	60	0	0	0	0	0	0	0	0	0	0	0	0	0							
	402	9500	第二段攻擊	4.戴宗		PC		667	200	1.3	2	100%	74%	65%	65	0	0	0	0	0	0	0	0	0	0	0	0	0							
	403	9500	第三段攻擊	4.戴宗		PC		500	0	1	1	110%	108%	110%	110	0	0	0	0	0	0	0	0	0	0	0	0	0							
	404	9500	第四段攻擊	4.戴宗		PC		1000	200	2	2	100%	100%	150%	150	0	0	0	0	0	0	0	0	0	0	0	0	0							
	501	9500	基本攻擊	5.史進		PC		500	100	1	1	90%	93%	90%	90	0	0	0	0	0	0	0	0	0	0	0	0	0							
	502	9500	第二段攻擊	5.史進		PC		500	100	1	1	100%	100%	100%	100	0	0	0	0	0	0	0	0	0	0	0	0	0							
	503	9500	第三段攻擊	5.史進		PC		500	100	1	1	110%	108%	110%	110	0	0	0	0	0	0	0	0	0	0	0	0	0							
	504	9500	第四段攻擊	5.史進		PC		1000	500	2	1	100%	175%	150%	150	0	0	0	0	0	0	0	0	0	0	0	0	0							
	601	9500	基本攻擊	6.李逵		PC		667	200	1.3	1	90%	113%	90%	90	0	0	0	0	0	0	0	0	0	0	0	0	0							
	602	9500	第二段攻擊	6.李逵		PC		667	200	1.3	1	100%	123%	100%	100	0	0	0	0	0	0	0	0	0	0	0	0	0							
	603	9500	第三段攻擊	6.李逵		PC		500	100	1	1	110%	108%	110%	110	0	0	0	0	0	0	0	0	0	0	0	0	0							
	604	9500	第四段攻擊	6.李逵		PC		1000	500	2	1	100%	175%	150%	150	0	0	0	0	0	0	0	0	0	0	0	0	0							
	701	9500	基本攻擊	7.顧大嫂		PC		500	100	1	1	90%	93%	90%	90	0	0	0	0	0	0	0	0	0	0	0	0	0							
	702	9500	第二段攻擊	7.顧大嫂		PC		500	100	1	1	100%	100%	100%	100	0	0	0	0	0	0	0	0	0	0	0	0	0							
	703	9500	第三段攻擊	7.顧大嫂		PC		500	100	1	1	110%	108%	110%	110	0	0	0	0	0	0	0	0	0	0	0	0	0							
	704	9500	第四段攻擊	7.顧大嫂		PC		900	500	1.8	1	100%	160%	150%	150	0	0	0	0	0	0	0	0	0	0	0	0	0							
	801	9500	基本攻擊	8.花榮		PC		650	200	1.3	1	90%	113%	95%	95	0	0	0	0	0	0	0	0	0	0	0	0	0							
	802	9500	第二段攻擊	8.花榮		PC		650	200	1.3	1	100%	123%	110%	110	0	0	0	0	0	0	0	0	0	0	0	0	0							
	803	9500	第三段攻擊	8.花榮		PC		650	200	1.3	1	110%	132%	120%	120	0	0	0	0	0	0	0	0	0	0	0	0	0							
	804	9500	第四段攻擊	8.花榮		PC		650	200	1.3	1	100%	123%	170%	170	0	0	0	0	0	0	0	0	0	0	0	0	0							
# 變身後特殊角色連擊技能															1:80%；2:150%；3:200%																				
	5101	9500	基本攻擊	0.共用		PC		500	100	1	1	100%	100%	115%	115	0	0	0	0	0	0	0	0	0	0	0	0	0							
	5102	9500	第二段攻擊	0.共用		PC		500	100	1	1	100%	100%	120%	120	0	0	0	0	0	0	0	0	0	0	0	0	0							
	5103	9500	第三段攻擊	0.共用		PC		500	100	1	1	100%	100%	135%	135	0	0	0	0	0	0	0	0	0	0	0	0	0							
	5104	9500	第四段攻擊	0.共用		PC		900	50	1.8	3	100%	70%	80%	80	0	0	0	0	0	0	0	0	0	0	0	0	0							
	5201	9500	基本攻擊	0.共用		PC		500	100	1	1	100%	100%	115%	115	0	0	0	0	0	0	0	0	0	0	0	0	0							
	5202	9500	第二段攻擊	0.共用		PC		500	100	1	1	100%	100%	120%	120	0	0	0	0	0	0	0	0	0	0	0	0	0							
	5203	9500	第三段攻擊	0.共用		PC		500	100	1	1	100%	100%	135%	135	0	0	0	0	0	0	0	0	0	0	0	0	0							
	5204	9500	第四段攻擊	0.共用		PC		900	300	1.8	1	100%	160%	160%	160	0	0	0	0	0	0	0	0	0	0	0	0	0							
	5301	9500	基本攻擊	0.共用		PC		500	100	1	1	100%	100%	115%	115	0	0	0	0	0	0	0	0	0	0	0	0	0							
	5302	9500	第二段攻擊	0.共用		PC		500	100	1	1	100%	100%	120%	120	0	0	0	0	0	0	0	0	0	0	0	0	0							
	5303	9500	第三段攻擊	0.共用		PC		600	100	1.2	1	100%	115%	135%	135	0	0	0	0	0	0	0	0	0	0	0	0	0							
	5304	9500	第四段攻擊	0.共用		PC		900	300	1.8	2	100%	93%	100%	100	0	0	0	0	0	0	0	0	0	0	0	0	0							
	5401	9500	基本攻擊	0.共用		PC		500	100	1	1	100%	100%	115%	115	0	0	0	0	0	0	0	0	0	0	0	0	0							
	5402	9500	第二段攻擊	0.共用		PC		500	100	1	1	100%	100%	120%	120	0	0	0	0	0	0	0	0	0	0	0	0	0							
	5403	9500	第三段攻擊	0.共用		PC		500	100	1	1	100%	100%	135%	135	0	0	0	0	0	0	0	0	0	0	0	0	0							
	5404	9500	第四段攻擊	0.共用		PC		900	400	1.8	1	100%	160%	160%	160	0	0	0	0	0	0	0	0	0	0	0	0	0							
	5501	9500	基本攻擊	0.共用		PC		500	100	1	1	100%	100%	115%	115	0	0	0	0	0	0	0	0	0	0	0	0	0							
	5502	9500	第二段攻擊	0.共用		PC		500	100	1	1	100%	100%	120%	120	0	0	0	0	0	0	0	0	0	0	0	0	0							
	5503	9500	第三段攻擊	0.共用		PC		500	100	1	1	100%	100%	135%	135	0	0	0	0	0	0	0	0	0	0	0	0	0							
	5504	9500	第四段攻擊	0.共用		PC		900	500	1.8	1	100%	160%	150%	150	0	0	0	0	0	0	0	0	0	0	0	0	0							
	5601	9500	基本攻擊	0.共用		PC		500	100	1	1	100%	100%	115%	115	0	0	0	0	0	0	0	0	0	0	0	0	0							
	5602	9500	第二段攻擊	0.共用		PC		500	100	1	1	100%	100%	120%	120	0	0	0	0	0	0	0	0	0	0	0	0	0							
	5603	9500	第三段攻擊	0.共用		PC		500	100	1	1	100%	100%	135%	135	0	0	0	0	0	0	0	0	0	0	0	0	0							
	5604	9500	第四段攻擊	0.共用		PC		800	300	1.6	3	100%	65%	80%	80	0	0	0	0	0	0	0	0	0	0	0	0	0							
	6101	9500	基本攻擊	1.林沖		PC		500	100	1	1	100%	100%	90%	90	0	0	0	0	0	0	0	0	0	0	0	0	0							
	6102	9500	第二段攻擊	1.林沖		PC		500	100	1	1	100%	100%	100%	100	0	0	0	0	0	0	0	0	0	0	0	0	0							
	6103	9500	第三段攻擊	1.林沖		PC		500	100	1	1	100%	100%	110%	110	0	0	0	0	0	0	0	0	0	0	0	0	0							
	6104	9500	第四段攻擊	1.林沖		PC		1000	400	2	1	100%	175%	150%	150	0	0	0	0	0	0	0	0	0	0	0	0	0							
	6201	9500	基本攻擊	2.雷橫		PC		433	100	0.9	1	100%	93%	90%	90	0	0	0	0	0	0	0	0	0	0	0	0	0							
	6202	9500	第二段攻擊	2.雷橫		PC		433	100	0.9	1	100%	93%	100%	100	0	0	0	0	0	0	0	0	0	0	0	0	0							
	6203	9500	第三段攻擊	2.雷橫		PC		500	100	1	1	100%	100%	110%	110	0	0	0	0	0	0	0	0	0	0	0	0	0							
	6204	9500	第四段攻擊	2.雷橫		PC		833	400	1.7	1	100%	153%	150%	150	0	0	0	0	0	0	0	0	0	0	0	0	0							
	6301	9500	基本攻擊	3.孫二娘		PC		500	0	1	2	100%	63%	60%	60	0	0	0	0	0	0	0	0	0	0	0	0	0							
	6302	9500	第二段攻擊	3.孫二娘		PC		500	0	1	2	100%	63%	65%	65	0	0	0	0	0	0	0	0	0	0	0	0	0							
	6303	9500	第三段攻擊	3.孫二娘		PC		767	0	1.5	2	100%	81%	70%	70	0	0	0	0	0	0	0	0	0	0	0	0	0							
	6304	9500	第四段攻擊	3.孫二娘		PC		1000	500	2	1	100%	175%	150%	150	0	0	0	0	0	0	0	0	0	0	0	0	0							
	6401	9500	基本攻擊	4.戴宗		PC		667	200	1.3	2	100%	74%	60%	60	0	0	0	0	0	0	0	0	0	0	0	0	0							
	6402	9500	第二段攻擊	4.戴宗		PC		667	200	1.3	2	100%	74%	65%	65	0	0	0	0	0	0	0	0	0	0	0	0	0							
	6403	9500	第三段攻擊	4.戴宗		PC		500	0	1	1	100%	100%	110%	110	0	0	0	0	0	0	0	0	0	0	0	0	0							
	6404	9500	第四段攻擊	4.戴宗		PC		1000	200	2	2	100%	100%	150%	150	0	0	0	0	0	0	0	0	0	0	0	0	0							
	6501	9500	基本攻擊	5.史進		PC		500	100	1	1	100%	100%	90%	90	0	0	0	0	0	0	0	0	0	0	0	0	0							
	6502	9500	第二段攻擊	5.史進		PC		500	100	1	1	100%	100%	100%	100	0	0	0	0	0	0	0	0	0	0	0	0	0							
	6503	9500	第三段攻擊	5.史進		PC		500	100	1	1	100%	100%	110%	110	0	0	0	0	0	0	0	0	0	0	0	0	0							
	6504	9500	第四段攻擊	5.史進		PC		1000	500	2	1	100%	175%	150%	150	0	0	0	0	0	0	0	0	0	0	0	0	0							
	6601	9500	基本攻擊	6.李逵		PC		667	200	1.3	1	100%	123%	90%	90	0	0	0	0	0	0	0	0	0	0	0	0	0							
	6602	9500	第二段攻擊	6.李逵		PC		667	200	1.3	1	100%	123%	100%	100	0	0	0	0	0	0	0	0	0	0	0	0	0							
	6603	9500	第三段攻擊	6.李逵		PC		500	100	1	1	100%	100%	110%	110	0	0	0	0	0	0	0	0	0	0	0	0	0							
	6604	9500	第四段攻擊	6.李逵		PC		1000	500	2	1	100%	175%	150%	150	0	0	0	0	0	0	0	0	0	0	0	0	0							
	6701	9500	基本攻擊	7.顧大嫂		PC		500	100	1	1	100%	100%	90%	90	0	0	0	0	0	0	0	0	0	0	0	0	0							
	6702	9500	第二段攻擊	7.顧大嫂		PC		500	100	1	1	100%	100%	100%	100	0	0	0	0	0	0	0	0	0	0	0	0	0							
	6703	9500	第三段攻擊	7.顧大嫂		PC		500	100	1	1	100%	100%	110%	110	0	0	0	0	0	0	0	0	0	0	0	0	0							
	6704	9500	第四段攻擊	7.顧大嫂		PC		900	500	1.8	1	100%	160%	150%	150	0	0	0	0	0	0	0	0	0	0	0	0	0							
	6801	9500	基本攻擊	8.花榮		PC		500	200	1	1	100%	100%	95%	95	0	0	0	0	0	0	0	0	0	0	0	0	0							
	6802	9500	第二段攻擊	8.花榮		PC		500	200	1	1	100%	100%	110%	110	0	0	0	0	0	0	0	0	0	0	0	0	0							
	6803	9500	第三段攻擊	8.花榮		PC		500	200	1	1	100%	100%	120%	120	0	0	0	0	0	0	0	0	0	0	0	0	0							
	6804	9500	第四段攻擊	8.花榮		PC		500	200	1	1	100%	100%	170%	170	0	0	0	0	0	0	0	0	0	0	0	0	0							
# 第一小隊												帶元素傷害之比例			若技能含有使用元素攻擊力，則物理攻擊的部分要相應降低比重。																				
	10101	9500	1.機關槍	1.林沖	Rank 01	PC	1	1500	300	3	1	100%	181%	168%	175	0	0	50	0	0	0	0	0	100	0	0	0	0							
	10102	9500	1.機關槍	1.林沖	Rank 02	PC	6	1500	300	3	1	100%	172%	167%	177	0	0	50	0	0	0	0	0	105	0	0	0	0							
	10103	9500	1.機關槍	1.林沖	Rank 03	PC	11	1500	300	3	1	100%	170%	168%	179	0	0	50	0	0	0	0	0	110	0	0	0	0							
	10104	9500	1.機關槍	1.林沖	Rank 04	PC	16	1500	300	3	1	100%	173%	171%	181	0	0	50	0	0	0	0	0	115	0	0	0	0							
	10105	9500	1.機關槍	1.林沖	Rank 05	PC	21	1500	300	3	1	100%	180%	173%	183	0	0	50	0	0	0	0	0	120	0	0	0	0							
	10201	9500	2.爆破火箭筒	1.林沖	Rank 01	PC	15	1500	300	3	1	100%	170%	196%	210	0	0	50	0	0	0	0	0	115	0	0	0	0							
	10202	9500	2.爆破火箭筒	1.林沖	Rank 02	PC	23	1500	300	3	1	100%	183%	199%	212	0	0	50	0	0	0	0	0	120	0	0	0	0							
	10203	9500	2.爆破火箭筒	1.林沖	Rank 03	PC	31	1500	300	3	1	100%	219%	203%	214	0	0	50	0	0	0	0	0	125	0	0	0	0							
	10204	9500	2.爆破火箭筒	1.林沖	Rank 04	PC	39	1500	300	3	1	100%	235%	208%	216	0	0	50	0	0	0	0	0	130	0	0	0	0							
	10205	9500	2.爆破火箭筒	1.林沖	Rank 05	PC	47	1500	300	3	1	100%	243%	213%	218	0	0	50	0	0	0	0	0	135	0	0	0	0							
	10301	9500	3.旋風踢	1.林沖	Rank 01	PC	1	2000	100	4	3	100%	95%	97%	97	0	0	50	0	0	0	0	0	100	0	0	0	0							
	10302	9500	3.旋風踢	1.林沖	Rank 02	PC	9	2000	100	4	3	100%	91%	99%	99	0	0	50	0	0	0	0	0	105	0	0	0	0							
	10303	9500	3.旋風踢	1.林沖	Rank 03	PC	17	2000	100	4	3	100%	91%	101%	101	0	0	50	0	0	0	0	0	110	0	0	0	0							
	10304	9500	3.旋風踢	1.林沖	Rank 04	PC	25	2000	100	4	3	100%	95%	103%	103	0	0	50	0	0	0	0	0	115	0	0	0	0							
	10305	9500	3.旋風踢	1.林沖	Rank 05	PC	33	2000	100	4	3	100%	113%	105%	105	0	0	50	0	0	0	0	0	120	0	0	0	0							
	10401	9500	4.亂槍掃射	1.林沖	Rank 01	PC	26	2000	100	4	3	100%	98%	116%	118	0	0	50	0	0	0	0	0	100	0	0	0	0							
	10402	9500	4.亂槍掃射	1.林沖	Rank 02	PC	34	2000	100	4	3	100%	113%	118%	120	0	0	50	0	0	0	0	0	105	0	0	0	0							
	10403	9500	4.亂槍掃射	1.林沖	Rank 03	PC	42	2000	100	4	3	100%	120%	121%	122	0	0	50	0	0	0	0	0	110	0	0	0	0							
	10404	9500	4.亂槍掃射	1.林沖	Rank 04	PC	50	2000	100	4	3	100%	127%	123%	124	0	0	50	0	0	0	0	0	115	0	0	0	0							
	10405	9500	4.亂槍掃射	1.林沖	Rank 05	PC	58	2000	100	4	3	100%	132%	126%	126	0	0	50	0	0	0	0	0	120	0	0	0	0							
	10501	9500	5.暴風槍	1.林沖	Rank 01	PC	13	1500	100	3	2	50%	62%	74%	70	0	0	50	0	0	0	0	0	50	0	0	0	0							
	10502	9500	5.暴風槍	1.林沖	Rank 02	PC	21	1500	100	3	2	50%	64%	75%	72	0	0	50	0	0	0	0	0	55	0	0	0	0							
	10503	9500	5.暴風槍	1.林沖	Rank 03	PC	29	1500	100	3	2	50%	67%	77%	74	0	0	50	0	0	0	0	0	60	0	0	0	0							
	10504	9500	5.暴風槍	1.林沖	Rank 04	PC	37	1500	100	3	2	50%	77%	78%	76	0	0	50	0	0	0	0	0	65	0	0	0	0							
	10505	9500	5.暴風槍	1.林沖	Rank 05	PC	45	1500	100	3	2	50%	79%	79%	78	0	0	50	0	0	0	0	0	70	0	0	0	0							
	10601	9500	6.螺旋飛彈	1.林沖	Rank 01	PC	32	1500	100	3	2	50%	74%	82%	80	0	0	50	0	0	0	0	0	50	0	0	0	0							
	10602	9500	6.螺旋飛彈	1.林沖	Rank 02	PC	39	1500	100	3	2	50%	78%	83%	82	0	0	50	0	0	0	0	0	55	0	0	0	0							
	10603	9500	6.螺旋飛彈	1.林沖	Rank 03	PC	46	1500	100	3	2	50%	79%	85%	84	0	0	50	0	0	0	0	0	60	0	0	0	0							
	10604	9500	6.螺旋飛彈	1.林沖	Rank 04	PC	53	1500	100	3	2	50%	83%	86%	86	0	0	50	0	0	0	0	0	65	0	0	0	0							
	10605	9500	6.螺旋飛彈	1.林沖	Rank 05	PC	60	1500	100	3	2	50%	85%	88%	88	0	0	50	0	0	0	0	0	70	0	0	0	0							
	20101	9500	1.鐵頭功	2.雷橫	Rank 01	PC	1	1500	1000	3	1	100%	181%	168%	175	0	0	0	50	0	0	0	100	0	0	0	0	0							
	20102	9500	1.鐵頭功	2.雷橫	Rank 02	PC	6	1500	1000	3	1	100%	172%	167%	177	0	0	0	50	0	0	0	105	0	0	0	0	0							
	20103	9500	1.鐵頭功	2.雷橫	Rank 03	PC	11	1500	1000	3	1	100%	170%	168%	179	0	0	0	50	0	0	0	110	0	0	0	0	0							
	20104	9500	1.鐵頭功	2.雷橫	Rank 04	PC	16	1500	1000	3	1	100%	173%	171%	181	0	0	0	50	0	0	0	115	0	0	0	0	0							
	20105	9500	1.鐵頭功	2.雷橫	Rank 05	PC	21	1500	1000	3	1	100%	180%	173%	183	0	0	0	50	0	0	0	120	0	0	0	0	0							
	20201	9500	2.火眼金睛	2.雷橫	Rank 01	PC	15	2000	1000	4	3	100%	89%	106%	107	0	0	0	50	0	0	0	100	0	0	0	0	0							
	20202	9500	2.火眼金睛	2.雷橫	Rank 02	PC	23	2000	1000	4	3	100%	95%	108%	109	0	0	0	50	0	0	0	105	0	0	0	0	0							
	20203	9500	2.火眼金睛	2.雷橫	Rank 03	PC	31	2000	1000	4	3	100%	111%	110%	111	0	0	0	50	0	0	0	110	0	0	0	0	0							
	20204	9500	2.火眼金睛	2.雷橫	Rank 04	PC	39	2000	1000	4	3	100%	118%	112%	113	0	0	0	50	0	0	0	115	0	0	0	0	0							
	20205	9500	2.火眼金睛	2.雷橫	Rank 05	PC	47	2000	1000	4	3	100%	122%	114%	115	0	0	0	50	0	0	0	120	0	0	0	0	0							
	20301	9500	3.獅子吼	2.雷橫	Rank 01	PC	1	2000	1000	4	1	50%	129%	130%	133	0	0	0	50	0	0	0	100	0	0	0	0	0							
	20302	9500	3.獅子吼	2.雷橫	Rank 02	PC	9	2000	1000	4	1	50%	124%	131%	135	0	0	0	50	0	0	0	105	0	0	0	0	0							
	20303	9500	3.獅子吼	2.雷橫	Rank 03	PC	17	2000	1000	4	1	50%	124%	132%	137	0	0	0	50	0	0	0	110	0	0	0	0	0							
	20304	9500	3.獅子吼	2.雷橫	Rank 04	PC	25	2000	1000	4	1	50%	130%	135%	139	0	0	0	50	0	0	0	115	0	0	0	0	0							
	20305	9500	3.獅子吼	2.雷橫	Rank 05	PC	33	2000	1000	4	1	50%	156%	137%	141	0	0	0	50	0	0	0	120	0	0	0	0	0							
	20401	9500	4.閃電視線	2.雷橫	Rank 01	PC	26	2000	400	4	4	100%	80%	96%	95	0	0	0	50	0	0	0	100	0	0	0	0	0							
	20402	9500	4.閃電視線	2.雷橫	Rank 02	PC	34	2000	400	4	4	100%	91%	97%	97	0	0	0	50	0	0	0	105	0	0	0	0	0							
	20403	9500	4.閃電視線	2.雷橫	Rank 03	PC	42	2000	400	4	4	100%	96%	99%	99	0	0	0	50	0	0	0	110	0	0	0	0	0							
	20404	9500	4.閃電視線	2.雷橫	Rank 04	PC	50	2000	400	4	4	100%	102%	101%	101	0	0	0	50	0	0	0	115	0	0	0	0	0							
	20405	9500	4.閃電視線	2.雷橫	Rank 05	PC	58	2000	400	4	4	100%	105%	103%	103	0	0	0	50	0	0	0	120	0	0	0	0	0							
	20501	9500	5.火龍捲	2.雷橫	Rank 01	PC	13	2000	300	4	3	70%	71%	83%	80	0	0	0	50	0	0	0	100	0	0	0	0	0							
	20502	9500	5.火龍捲	2.雷橫	Rank 02	PC	21	2000	300	4	3	70%	73%	84%	82	0	0	0	50	0	0	0	105	0	0	0	0	0							
	20503	9500	5.火龍捲	2.雷橫	Rank 03	PC	29	2000	300	4	3	70%	77%	86%	84	0	0	0	50	0	0	0	110	0	0	0	0	0							
	20504	9500	5.火龍捲	2.雷橫	Rank 04	PC	37	2000	300	4	3	70%	90%	87%	86	0	0	0	50	0	0	0	115	0	0	0	0	0							
	20505	9500	5.火龍捲	2.雷橫	Rank 05	PC	45	2000	300	4	3	70%	92%	89%	88	0	0	0	50	0	0	0	120	0	0	0	0	0							
	20601	9500	6.火焰狂奔	2.雷橫	Rank 01	PC	32	1500	1000	3	4	150%	98%	106%	107	0	0	0	50	0	0	0	100	0	0	0	0	0							
	20602	9500	6.火焰狂奔	2.雷橫	Rank 02	PC	39	1500	1000	3	4	150%	104%	108%	109	0	0	0	50	0	0	0	105	0	0	0	0	0							
	20603	9500	6.火焰狂奔	2.雷橫	Rank 03	PC	46	1500	1000	3	4	150%	106%	111%	111	0	0	0	50	0	0	0	110	0	0	0	0	0							
	20604	9500	6.火焰狂奔	2.雷橫	Rank 04	PC	53	1500	1000	3	4	150%	113%	113%	113	0	0	0	50	0	0	0	115	0	0	0	0	0							
	20605	9500	6.火焰狂奔	2.雷橫	Rank 05	PC	60	1500	1000	3	4	150%	116%	115%	115	0	0	0	50	0	0	0	120	0	0	0	0	0							
	30101	9500	1.冰晶鑽石	3.孫二娘	Rank 01	PC	1	2000	500	4	1	100%	234%	213%	225	0	0	10	0	40	0	100	0	0	0	0	0	0							
	30102	9500	1.冰晶鑽石	3.孫二娘	Rank 02	PC	6	2000	500	4	1	100%	221%	211%	227	0	0	10	0	40	0	105	0	0	0	0	0	0							
	30103	9500	1.冰晶鑽石	3.孫二娘	Rank 03	PC	11	2000	500	4	1	100%	219%	212%	229	0	0	10	0	40	0	110	0	0	0	0	0	0							
	30104	9500	1.冰晶鑽石	3.孫二娘	Rank 04	PC	16	2000	500	4	1	100%	222%	214%	231	0	0	10	0	40	0	115	0	0	0	0	0	0							
	30105	9500	1.冰晶鑽石	3.孫二娘	Rank 05	PC	21	2000	500	4	1	100%	232%	217%	233	0	0	10	0	40	0	120	0	0	0	0	0	0							
	30201	9500	2.淘氣戀人	3.孫二娘	Rank 01	PC	15	1500	500	3	3	100%	73%	89%	87	0	0	0	0	50	0	100	0	0	0	0	0	0							
	30202	9500	2.淘氣戀人	3.孫二娘	Rank 02	PC	23	1500	500	3	3	100%	78%	90%	89	0	0	0	0	50	0	105	0	0	0	0	0	0							
	30203	9500	2.淘氣戀人	3.孫二娘	Rank 03	PC	31	1500	500	3	3	100%	90%	92%	91	0	0	0	0	50	0	110	0	0	0	0	0	0							
	30204	9500	2.淘氣戀人	3.孫二娘	Rank 04	PC	39	1500	500	3	3	100%	95%	94%	93	0	0	0	0	50	0	115	0	0	0	0	0	0							
	30205	9500	2.淘氣戀人	3.孫二娘	Rank 05	PC	47	1500	500	3	3	100%	98%	95%	95	0	0	0	0	50	0	120	0	0	0	0	0	0							
	30301	9500	3.雷雨漫步	3.孫二娘	Rank 01	PC	1	1500	500	3	3	150%	103%	105%	106	0	0	10	0	40	0	100	0	0	0	0	0	0							
	30302	9500	3.雷雨漫步	3.孫二娘	Rank 02	PC	9	1500	500	3	3	150%	99%	107%	108	0	0	10	0	40	0	105	0	0	0	0	0	0							
	30303	9500	3.雷雨漫步	3.孫二娘	Rank 03	PC	17	1500	500	3	3	150%	100%	109%	110	0	0	10	0	40	0	110	0	0	0	0	0	0							
	30304	9500	3.雷雨漫步	3.孫二娘	Rank 04	PC	25	1500	500	3	3	150%	104%	111%	112	0	0	10	0	40	0	115	0	0	0	0	0	0							
	30305	9500	3.雷雨漫步	3.孫二娘	Rank 05	PC	33	1500	500	3	3	150%	123%	113%	114	0	0	10	0	40	0	120	0	0	0	0	0	0							
	30401	9500	4.憤怒戀人	3.孫二娘	Rank 01	PC	26	2000	500	4	3	100%	98%	116%	118	0	0	0	0	50	0	100	0	0	0	0	0	0							
	30402	9500	4.憤怒戀人	3.孫二娘	Rank 02	PC	34	2000	500	4	3	100%	113%	118%	120	0	0	0	0	50	0	105	0	0	0	0	0	0							
	30403	9500	4.憤怒戀人	3.孫二娘	Rank 03	PC	42	2000	500	4	3	100%	120%	121%	122	0	0	0	0	50	0	110	0	0	0	0	0	0							
	30404	9500	4.憤怒戀人	3.孫二娘	Rank 04	PC	50	2000	500	4	3	100%	127%	123%	124	0	0	0	0	50	0	115	0	0	0	0	0	0							
	30405	9500	4.憤怒戀人	3.孫二娘	Rank 05	PC	58	2000	500	4	3	100%	132%	126%	126	0	0	0	0	50	0	120	0	0	0	0	0	0							
	30501	9500	5.冰風爆	3.孫二娘	Rank 01	PC	13	1500	1000	3	1	50%	99%	112%	114	0	0	10	0	40	0	50	0	0	0	0	0	0							
	30502	9500	5.冰風爆	3.孫二娘	Rank 02	PC	21	1500	1000	3	1	50%	102%	114%	116	0	0	10	0	40	0	55	0	0	0	0	0	0							
	30503	9500	5.冰風爆	3.孫二娘	Rank 03	PC	29	1500	1000	3	1	50%	108%	116%	118	0	0	10	0	40	0	60	0	0	0	0	0	0							
	30504	9500	5.冰風爆	3.孫二娘	Rank 04	PC	37	1500	1000	3	1	50%	129%	119%	120	0	0	10	0	40	0	65	0	0	0	0	0	0							
	30505	9500	5.冰風爆	3.孫二娘	Rank 05	PC	45	1500	1000	3	1	50%	133%	121%	122	0	0	10	0	40	0	70	0	0	0	0	0	0							
	30601	9500	6.冰晶昇華	3.孫二娘	Rank 01	PC	32	1500	100	3	3	50%	58%	66%	62	0	0	20	0	30	0	50	0	0	0	0	0	0							
	30602	9500	6.冰晶昇華	3.孫二娘	Rank 02	PC	39	1500	100	3	3	50%	60%	67%	64	0	0	20	0	30	0	55	0	0	0	0	0	0							
	30603	9500	6.冰晶昇華	3.孫二娘	Rank 03	PC	46	1500	100	3	3	50%	61%	68%	66	0	0	20	0	30	0	60	0	0	0	0	0	0							
	30604	9500	6.冰晶昇華	3.孫二娘	Rank 04	PC	53	1500	100	3	3	50%	64%	69%	68	0	0	20	0	30	0	65	0	0	0	0	0	0							
	30605	9500	6.冰晶昇華	3.孫二娘	Rank 05	PC	60	1500	100	3	3	50%	65%	70%	70	0	0	20	0	30	0	70	0	0	0	0	0	0							
	40101	9500	1.亂射	4.戴宗	Rank 01	PC	1	2000	1000	4	3	100%	95%	93%	92	0	0	25	0	25	100	0	0	0	0	0	0	0							
	40102	9500	1.亂射	4.戴宗	Rank 02	PC	6	2000	1000	4	3	100%	90%	95%	94	0	0	25	0	25	105	0	0	0	0	0	0	0							
	40103	9500	1.亂射	4.戴宗	Rank 03	PC	11	2000	1000	4	3	100%	90%	97%	96	0	0	25	0	25	110	0	0	0	0	0	0	0							
	40104	9500	1.亂射	4.戴宗	Rank 04	PC	16	2000	1000	4	3	100%	91%	98%	98	0	0	25	0	25	115	0	0	0	0	0	0	0							
	40105	9500	1.亂射	4.戴宗	Rank 05	PC	21	2000	1000	4	3	100%	94%	100%	100	0	0	25	0	25	120	0	0	0	0	0	0	0							
	40201	9500	2.七星劍	4.戴宗	Rank 01	PC	15	1260	150	2.5	2	100%	85%	102%	102	0	0	25	0	25	100	0	0	0	0	0	0	0							
	40202	9500	2.七星劍	4.戴宗	Rank 02	PC	23	1260	150	2.5	2	100%	91%	104%	104	0	0	25	0	25	105	0	0	0	0	0	0	0							
	40203	9500	2.七星劍	4.戴宗	Rank 03	PC	31	1260	150	2.5	2	100%	106%	105%	106	0	0	25	0	25	110	0	0	0	0	0	0	0							
	40204	9500	2.七星劍	4.戴宗	Rank 04	PC	39	1260	150	2.5	2	100%	113%	107%	108	0	0	25	0	25	115	0	0	0	0	0	0	0							
	40205	9500	2.七星劍	4.戴宗	Rank 05	PC	47	1260	150	2.5	2	100%	116%	110%	110	0	0	25	0	25	120	0	0	0	0	0	0	0							
	40301	9500	3.還我精力腳	4.戴宗	Rank 01	PC	1	1500	100	3	1	20%			0	0	0	0	1000	0	20	0	0	0	0	0	0	0							
	40302	9500	3.還我精力腳	4.戴宗	Rank 02	PC	9	1500	100	3	1	22%			0	0	0	0	1100	0	20	0	0	0	0	0	0	0							
	40303	9500	3.還我精力腳	4.戴宗	Rank 03	PC	17	1500	100	3	1	24%			0	0	0	0	1200	0	20	0	0	0	0	0	0	0							
	40304	9500	3.還我精力腳	4.戴宗	Rank 04	PC	25	1500	100	3	1	26%			0	0	0	0	1300	0	20	0	0	0	0	0	0	0							
	40305	9500	3.還我精力腳	4.戴宗	Rank 05	PC	33	1500	100	3	1	28%			0	0	0	0	1400	0	20	0	0	0	0	0	0	0							
	40401	9500	4.連環鏢	4.戴宗	Rank 01	PC	26	2000	100	4	3	100%	98%	116%	118	0	0	25	0	25	100	0	0	0	0	0	0	0							
	40402	9500	4.連環鏢	4.戴宗	Rank 02	PC	34	2000	100	4	3	100%	113%	118%	120	0	0	25	0	25	105	0	0	0	0	0	0	0							
	40403	9500	4.連環鏢	4.戴宗	Rank 03	PC	42	2000	100	4	3	100%	120%	121%	122	0	0	25	0	25	110	0	0	0	0	0	0	0							
	40404	9500	4.連環鏢	4.戴宗	Rank 04	PC	50	2000	100	4	3	100%	127%	123%	124	0	0	25	0	25	115	0	0	0	0	0	0	0							
	40405	9500	4.連環鏢	4.戴宗	Rank 05	PC	58	2000	100	4	3	100%	132%	126%	126	0	0	25	0	25	120	0	0	0	0	0	0	0							
	40501	9500	5.治療法陣	4.戴宗	Rank 01	PC	13	2000	800	4	10	100%			0	0	0	0	0	0	0	0	0	0	0	0	0	0							
	40502	9500	5.治療法陣	4.戴宗	Rank 02	PC	21	2000	800	4	10	100%			0	0	0	0	0	0	0	0	0	0	0	0	0	0							
	40503	9500	5.治療法陣	4.戴宗	Rank 03	PC	29	2000	800	4	10	100%			0	0	0	0	0	0	0	0	0	0	0	0	0	0							
	40504	9500	5.治療法陣	4.戴宗	Rank 04	PC	37	2000	800	4	10	100%			0	0	0	0	0	0	0	0	0	0	0	0	0	0							
	40505	9500	5.治療法陣	4.戴宗	Rank 05	PC	45	2000	800	4	10	100%			0	0	0	0	0	0	0	0	0	0	0	0	0	0							
	40601	9500	6.聖光洗禮	4.戴宗	Rank 01	PC	32	1500	1000	3	1	100%	318%		0	0	0	0	0	0	0	0	0	0	0	0	0	0							
	40602	9500	6.聖光洗禮	4.戴宗	Rank 02	PC	39	1500	1000	3	1	100%	318%		0	0	0	0	0	0	0	0	0	0	0	0	0	0							
	40603	9500	6.聖光洗禮	4.戴宗	Rank 03	PC	46	1500	1000	3	1	100%	318%		0	0	0	0	0	0	0	0	0	0	0	0	0	0							
	40604	9500	6.聖光洗禮	4.戴宗	Rank 04	PC	53	1500	1000	3	1	100%	318%		0	0	0	0	0	0	0	0	0	0	0	0	0	0							
	40605	9500	6.聖光洗禮	4.戴宗	Rank 05	PC	60	1500	1000	3	1	100%	318%		0	0	0	0	0	0	0	0	0	0	0	0	0	0							
# 第二小隊													帶元素傷害之比例		若技能含有使用元素攻擊力，則物理攻擊的部分要相應降低比重。																				
	50101	9500	1.亢龍有悔	5.史進	Rank 01	PC	1	900	100	1.8	1	100%	119%	114%	115	0	0	40	10	0	0	0	0	100	0	0	0	0							
	50102	9500	1.亢龍有悔	5.史進	Rank 02	PC	6	900	100	1.8	1	100%	113%	115%	117	0	0	40	10	0	0	0	0	105	0	0	0	0							
	50103	9500	1.亢龍有悔	5.史進	Rank 03	PC	11	900	100	1.8	1	100%	112%	116%	119	0	0	40	10	0	0	0	0	110	0	0	0	0							
	50104	9500	1.亢龍有悔	5.史進	Rank 04	PC	16	900	100	1.8	1	100%	114%	118%	121	0	0	40	10	0	0	0	0	115	0	0	0	0							
	50105	9500	1.亢龍有悔	5.史進	Rank 05	PC	21	900	100	1.8	1	100%	118%	120%	123	0	0	40	10	0	0	0	0	120	0	0	0	0							
	50201	9500	2.九龍鬧海	5.史進	Rank 01	PC	15	2000	200	4	4	100%	73%	89%	87	0	0	30	20	0	0	0	0	100	0	0	0	0							
	50202	9500	2.九龍鬧海	5.史進	Rank 02	PC	23	2000	200	4	4	100%	78%	95%	94	0	0	30	20	0	0	0	0	105	0	0	0	0							
	50203	9500	2.九龍鬧海	5.史進	Rank 03	PC	31	2000	200	4	4	100%	90%	101%	101	0	0	30	20	0	0	0	0	110	0	0	0	0							
	50204	9500	2.九龍鬧海	5.史進	Rank 04	PC	39	2000	200	4	4	100%	95%	107%	108	0	0	30	20	0	0	0	0	115	0	0	0	0							
	50205	9500	2.九龍鬧海	5.史進	Rank 05	PC	47	2000	200	4	4	100%	98%	114%	115	0	0	30	20	0	0	0	0	120	0	0	0	0							
	50301	9500	3.防禦破壞	5.史進	Rank 01	PC	1	1000	300	2	1	50%	77%	81%	79	0	0	30	20	0	0	0	0	50	0	0	0	0							
	50302	9500	3.防禦破壞	5.史進	Rank 02	PC	9	1000	300	2	1	50%	75%	83%	81	0	0	30	20	0	0	0	0	55	0	0	0	0							
	50303	9500	3.防禦破壞	5.史進	Rank 03	PC	17	1000	300	2	1	50%	75%	85%	83	0	0	30	20	0	0	0	0	60	0	0	0	0							
	50304	9500	3.防禦破壞	5.史進	Rank 04	PC	25	1000	300	2	1	50%	78%	87%	85	0	0	30	20	0	0	0	0	65	0	0	0	0							
	50305	9500	3.防禦破壞	5.史進	Rank 05	PC	33	1000	300	2	1	50%	91%	88%	87	0	0	30	20	0	0	0	0	70	0	0	0	0							
	50401	9500	4.烏雲蓋頂	5.史進	Rank 01	PC	13	1000	300	2	1	50%	74%	86%	84	0	0	20	30	0	0	0	0	50	0	0	0	0							
	50402	9500	4.烏雲蓋頂	5.史進	Rank 02	PC	21	1000	300	2	1	50%	77%	88%	86	0	0	20	30	0	0	0	0	55	0	0	0	0							
	50403	9500	4.烏雲蓋頂	5.史進	Rank 03	PC	29	1000	300	2	1	50%	80%	89%	88	0	0	20	30	0	0	0	0	60	0	0	0	0							
	50404	9500	4.烏雲蓋頂	5.史進	Rank 04	PC	37	1000	300	2	1	50%	94%	91%	90	0	0	20	30	0	0	0	0	65	0	0	0	0							
	50405	9500	4.烏雲蓋頂	5.史進	Rank 05	PC	45	1000	300	2	1	50%	97%	92%	92	0	0	20	30	0	0	0	0	70	0	0	0	0							
	50501	9500	5.老樹盤根	5.史進	Rank 01	PC	26	1100	300	2.2	4	50%	40%	50%	44	0	0	20	30	0	0	0	0	50	0	0	0	0							
	50502	9500	5.老樹盤根	5.史進	Rank 02	PC	34	1100	300	2.2	4	50%	43%	51%	46	0	0	20	30	0	0	0	0	55	0	0	0	0							
	50503	9500	5.老樹盤根	5.史進	Rank 03	PC	42	1100	300	2.2	4	50%	45%	51%	48	0	0	20	30	0	0	0	0	60	0	0	0	0							
	50504	9500	5.老樹盤根	5.史進	Rank 04	PC	50	1100	300	2.2	4	50%	46%	52%	50	0	0	20	30	0	0	0	0	65	0	0	0	0							
	50505	9500	5.老樹盤根	5.史進	Rank 05	PC	58	1100	300	2.2	4	50%	47%	52%	52	0	0	20	30	0	0	0	0	70	0	0	0	0							
	50601	9500	6.弱化攻擊	5.史進	Rank 01	PC	32	1000	300	2	1	50%	90%	98%	98	0	0	30	20	0	0	0	0	50	0	0	0	0							
	50602	9500	6.弱化攻擊	5.史進	Rank 02	PC	39	1000	300	2	1	50%	95%	100%	100	0	0	30	20	0	0	0	0	55	0	0	0	0							
	50603	9500	6.弱化攻擊	5.史進	Rank 03	PC	46	1000	300	2	1	50%	97%	102%	102	0	0	30	20	0	0	0	0	60	0	0	0	0							
	50604	9500	6.弱化攻擊	5.史進	Rank 04	PC	53	1000	300	2	1	50%	103%	104%	104	0	0	30	20	0	0	0	0	65	0	0	0	0							
	50605	9500	6.弱化攻擊	5.史進	Rank 05	PC	60	1000	300	2	1	50%	106%	106%	106	0	0	30	20	0	0	0	0	70	0	0	0	0							
	60101	9500	1.烈火快斧	6.李逵	Rank 01	PC	1	2000	300	4	6	170%	84%	84%	82	0	0	20	30	0	0	0	50	0	0	0	0	0							
	60102	9500	1.烈火快斧	6.李逵	Rank 02	PC	6	2000	300	4	6	170%	81%	85%	83	0	0	20	30	0	0	0	50	0	0	0	0	0							
	60103	9500	1.烈火快斧	6.李逵	Rank 03	PC	11	2000	300	4	6	170%	80%	86%	84	0	0	20	30	0	0	0	50	0	0	0	0	0							
	60104	9500	1.烈火快斧	6.李逵	Rank 04	PC	16	2000	300	4	6	170%	81%	87%	85	0	0	20	30	0	0	0	50	0	0	0	0	0							
	60105	9500	1.烈火快斧	6.李逵	Rank 05	PC	21	2000	300	4	6	170%	84%	88%	86	0	0	20	30	0	0	0	50	0	0	0	0	0							
	60201	9500	2.野火燎原	6.李逵	Rank 01	PC	26	2000	300	4	3	100%	98%	116%	118	0	0	10	40	0	0	0	100	0	0	0	0	0							
	60202	9500	2.野火燎原	6.李逵	Rank 02	PC	34	2000	300	4	3	100%	113%	118%	120	0	0	10	40	0	0	0	105	0	0	0	0	0							
	60203	9500	2.野火燎原	6.李逵	Rank 03	PC	42	2000	300	4	3	100%	120%	121%	122	0	0	10	40	0	0	0	110	0	0	0	0	0							
	60204	9500	2.野火燎原	6.李逵	Rank 04	PC	50	2000	300	4	3	100%	127%	123%	124	0	0	10	40	0	0	0	115	0	0	0	0	0							
	60205	9500	2.野火燎原	6.李逵	Rank 05	PC	58	2000	300	4	3	100%	132%	126%	126	0	0	10	40	0	0	0	120	0	0	0	0	0							
	60301	9500	3.銅牆鐵壁	6.李逵	Rank 01	PC	1	100	100	0.2	1	50%	35%	0%	0	0	0	0	0	0	0	0	0	0	0	0	0	0							
	60302	9500	3.銅牆鐵壁	6.李逵	Rank 02	PC	9	100	100	0.2	1	50%	35%	0%	0	0	0	0	0	0	0	0	0	0	0	0	0	0							
	60303	9500	3.銅牆鐵壁	6.李逵	Rank 03	PC	17	100	100	0.2	1	50%	35%	0%	0	0	0	0	0	0	0	0	0	0	0	0	0	0							
	60304	9500	3.銅牆鐵壁	6.李逵	Rank 04	PC	25	100	100	0.2	1	50%	35%	0%	0	0	0	0	0	0	0	0	0	0	0	0	0	0							
	60305	9500	3.銅牆鐵壁	6.李逵	Rank 05	PC	33	100	100	0.2	1	50%	35%	0%	0	0	0	0	0	0	0	0	0	0	0	0	0	0							
	60401	9500	4.身強體壯	6.李逵	Rank 01	PC	15	1500	1000	3	1	50%	171%	0%	0	0	0	0	0	0	0	0	0	0	0	0	0	0							
	60402	9500	4.身強體壯	6.李逵	Rank 02	PC	23	1500	1000	3	1	50%	171%	0%	0	0	0	0	0	0	0	0	0	0	0	0	0	0							
	60403	9500	4.身強體壯	6.李逵	Rank 03	PC	31	1500	1000	3	1	50%	171%	0%	0	0	0	0	0	0	0	0	0	0	0	0	0	0							
	60404	9500	4.身強體壯	6.李逵	Rank 04	PC	39	1500	1000	3	1	50%	171%	0%	0	0	0	0	0	0	0	0	0	0	0	0	0	0							
	60405	9500	4.身強體壯	6.李逵	Rank 05	PC	47	1500	1000	3	1	50%	171%	0%	0	0	0	0	0	0	0	0	0	0	0	0	0	0							
	60501	9500	5.怒火中燒	6.李逵	Rank 01	PC	13	1500	1000	3	1	50%	171%	162%	171	0	0	0	50	0	0	0	0	0	0	0	0	0							
	60502	9500	5.怒火中燒	6.李逵	Rank 02	PC	21	1500	1000	3	1	50%	171%	164%	172	0	0	0	50	0	0	0	0	0	0	0	0	0							
	60503	9500	5.怒火中燒	6.李逵	Rank 03	PC	29	1500	1000	3	1	50%	171%	166%	173	0	0	0	50	0	0	0	0	0	0	0	0	0							
	60504	9500	5.怒火中燒	6.李逵	Rank 04	PC	37	1500	1000	3	1	50%	171%	168%	174	0	0	0	50	0	0	0	0	0	0	0	0	0							
	60505	9500	5.怒火中燒	6.李逵	Rank 05	PC	45	1500	1000	3	1	50%	171%	171%	175	0	0	0	50	0	0	0	0	0	0	0	0	0							
	60601	9500	6.威震八方	6.李逵	Rank 01	PC	32	1500	1000	3	1	50%	171%	164%	171	0	0	0	50	0	0	0	0	0	0	0	0	0							
	60602	9500	6.威震八方	6.李逵	Rank 02	PC	39	1500	1000	3	1	50%	171%	167%	172	0	0	0	50	0	0	0	0	0	0	0	0	0							
	60603	9500	6.威震八方	6.李逵	Rank 03	PC	46	1500	1000	3	1	50%	171%	170%	173	0	0	0	50	0	0	0	0	0	0	0	0	0							
	60604	9500	6.威震八方	6.李逵	Rank 04	PC	53	1500	1000	3	1	50%	171%	173%	174	0	0	0	50	0	0	0	0	0	0	0	0	0							
	60605	9500	6.威震八方	6.李逵	Rank 05	PC	60	1500	1000	3	1	50%	171%	176%	175	0	0	0	50	0	0	0	0	0	0	0	0	0							
	70101	9500	1.捨身一擊	7.顧大嫂	Rank 01	PC	1	1500	500	3	2	100%	103%	96%	95	0	0	0	50	0	0	100	0	0	0	0	0	0							
	70102	9500	1.捨身一擊	7.顧大嫂	Rank 02	PC	6	1500	500	3	2	100%	98%	97%	97	0	0	0	50	0	0	105	0	0	0	0	0	0							
	70103	9500	1.捨身一擊	7.顧大嫂	Rank 03	PC	11	1500	500	3	2	100%	98%	99%	99	0	0	0	50	0	0	110	0	0	0	0	0	0							
	70104	9500	1.捨身一擊	7.顧大嫂	Rank 04	PC	16	1500	500	3	2	100%	99%	101%	101	0	0	0	50	0	0	115	0	0	0	0	0	0							
	70105	9500	1.捨身一擊	7.顧大嫂	Rank 05	PC	21	1500	500	3	2	100%	102%	103%	103	0	0	0	50	0	0	120	0	0	0	0	0	0							
	70201	9500	2.流星趕月	7.顧大嫂	Rank 01	PC	15	1500	400	3	3	100%	73%	89%	87	0	0	10	40	0	0	50	0	0	0	0	0	0							
	70202	9500	2.流星趕月	7.顧大嫂	Rank 02	PC	23	1500	400	3	3	100%	78%	90%	89	0	0	10	40	0	0	55	0	0	0	0	0	0							
	70203	9500	2.流星趕月	7.顧大嫂	Rank 03	PC	31	1500	400	3	3	100%	90%	92%	91	0	0	10	40	0	0	60	0	0	0	0	0	0							
	70204	9500	2.流星趕月	7.顧大嫂	Rank 04	PC	39	1500	400	3	3	100%	95%	94%	93	0	0	10	40	0	0	65	0	0	0	0	0	0							
	70205	9500	2.流星趕月	7.顧大嫂	Rank 05	PC	47	1500	400	3	3	100%	98%	95%	95	0	0	10	40	0	0	70	0	0	0	0	0	0							
	70301	9500	3.震撼攻擊	7.顧大嫂	Rank 01	PC	13	1500	700	3	1	50%	99%	112%	114	0	0	20	30	0	0	110	0	0	0	0	0	0							
	70302	9500	3.震撼攻擊	7.顧大嫂	Rank 02	PC	21	1500	700	3	1	50%	102%	114%	116	0	0	20	30	0	0	115	0	0	0	0	0	0							
	70303	9500	3.震撼攻擊	7.顧大嫂	Rank 03	PC	29	1500	700	3	1	50%	108%	116%	118	0	0	20	30	0	0	120	0	0	0	0	0	0							
	70304	9500	3.震撼攻擊	7.顧大嫂	Rank 04	PC	37	1500	700	3	1	50%	129%	119%	120	0	0	20	30	0	0	125	0	0	0	0	0	0							
	70305	9500	3.震撼攻擊	7.顧大嫂	Rank 05	PC	45	1500	700	3	1	50%	133%	121%	122	0	0	20	30	0	0	130	0	0	0	0	0	0							
	70401	9500	4.鏡花水月	7.顧大嫂	Rank 01	PC	32	1500	1000	3	1	50%	171%	0%	0	0	0	0	0	0	0	0	0	0	0	0	0	0							
	70402	9500	4.鏡花水月	7.顧大嫂	Rank 02	PC	39	1500	1000	3	1	50%	171%	0%	0	0	0	0	0	0	0	0	0	0	0	0	0	0							
	70403	9500	4.鏡花水月	7.顧大嫂	Rank 03	PC	46	1500	1000	3	1	50%	171%	0%	0	0	0	0	0	0	0	0	0	0	0	0	0	0							
	70404	9500	4.鏡花水月	7.顧大嫂	Rank 04	PC	53	1500	1000	3	1	50%	171%	0%	0	0	0	0	0	0	0	0	0	0	0	0	0	0							
	70405	9500	4.鏡花水月	7.顧大嫂	Rank 05	PC	60	1500	1000	3	1	50%	171%	0%	0	0	0	0	0	0	0	0	0	0	0	0	0	0							
	70501	9500	5.怒不可遏	7.顧大嫂	Rank 01	PC	1	100	100	0.2	1	50%	35%	0%	0	0	0	0	0	0	0	0	0	0	0	0	0	0							
	70502	9500	5.怒不可遏	7.顧大嫂	Rank 02	PC	9	100	100	0.2	1	50%	35%	0%	0	0	0	0	0	0	0	0	0	0	0	0	0	0							
	70503	9500	5.怒不可遏	7.顧大嫂	Rank 03	PC	17	100	100	0.2	1	50%	35%	0%	0	0	0	0	0	0	0	0	0	0	0	0	0	0							
	70504	9500	5.怒不可遏	7.顧大嫂	Rank 04	PC	25	100	100	0.2	1	50%	35%	0%	0	0	0	0	0	0	0	0	0	0	0	0	0	0							
	70505	9500	5.怒不可遏	7.顧大嫂	Rank 05	PC	33	100	100	0.2	1	50%	35%	0%	0	0	0	0	0	0	0	0	0	0	0	0	0	0							
	70601	9500	6.激發鬥志	7.顧大嫂	Rank 01	PC	26	1500	1000	3	1	50%	171%	0%	0	0	0	0	0	0	0	0	0	0	0	0	0	0							
	70602	9500	6.激發鬥志	7.顧大嫂	Rank 02	PC	34	1500	1000	3	1	50%	171%	0%	0	0	0	0	0	0	0	0	0	0	0	0	0	0							
	70603	9500	6.激發鬥志	7.顧大嫂	Rank 03	PC	42	1500	1000	3	1	50%	171%	0%	0	0	0	0	0	0	0	0	0	0	0	0	0	0							
	70604	9500	6.激發鬥志	7.顧大嫂	Rank 04	PC	50	1500	1000	3	1	50%	171%	0%	0	0	0	0	0	0	0	0	0	0	0	0	0	0							
	70605	9500	6.激發鬥志	7.顧大嫂	Rank 05	PC	58	1500	1000	3	1	50%	171%	0%	0	0	0	0	0	0	0	0	0	0	0	0	0	0							
	80101	9500	1.瞄準射擊	8.花榮	Rank 01	PC	1	1500	500	3	1	100%	181%	168%	175	0	0	30	0	20	100	0	0	0	0	0	0	0							
	80102	9500	1.瞄準射擊	8.花榮	Rank 02	PC	6	1500	500	3	1	100%	172%	167%	177	0	0	30	0	20	105	0	0	0	0	0	0	0							
	80103	9500	1.瞄準射擊	8.花榮	Rank 03	PC	11	1500	500	3	1	100%	170%	168%	179	0	0	30	0	20	110	0	0	0	0	0	0	0							
	80104	9500	1.瞄準射擊	8.花榮	Rank 04	PC	16	1500	500	3	1	100%	173%	171%	181	0	0	30	0	20	115	0	0	0	0	0	0	0							
	80105	9500	1.瞄準射擊	8.花榮	Rank 05	PC	21	1500	500	3	1	100%	180%	173%	183	0	0	30	0	20	120	0	0	0	0	0	0	0							
	80201	9500	2.震退射擊	8.花榮	Rank 01	PC	15	1500	500	3	1	100%	170%	196%	210	0	0	20	30	0	100	0	0	0	0	0	0	0							
	80202	9500	2.震退射擊	8.花榮	Rank 02	PC	23	1500	500	3	1	100%	183%	200%	214	0	0	20	30	0	105	0	0	0	0	0	0	0							
	80203	9500	2.震退射擊	8.花榮	Rank 03	PC	31	1500	500	3	1	100%	219%	207%	218	0	0	20	30	0	110	0	0	0	0	0	0	0							
	80204	9500	2.震退射擊	8.花榮	Rank 04	PC	39	1500	500	3	1	100%	235%	213%	222	0	0	20	30	0	115	0	0	0	0	0	0	0							
	80205	9500	2.震退射擊	8.花榮	Rank 05	PC	47	1500	500	3	1	100%	243%	221%	226	0	0	20	30	0	120	0	0	0	0	0	0	0							
	80301	9500	3.箭雨沙暴	8.花榮	Rank 01	PC	13	1500	500	3	1	100%	173%	190%	203	0	0	50	0	0	100	0	0	0	0	0	0	0							
	80302	9500	3.箭雨沙暴	8.花榮	Rank 02	PC	21	1500	500	3	1	100%	180%	194%	207	0	0	50	0	0	105	0	0	0	0	0	0	0							
	80303	9500	3.箭雨沙暴	8.花榮	Rank 03	PC	29	1500	500	3	1	100%	191%	200%	211	0	0	50	0	0	110	0	0	0	0	0	0	0							
	80304	9500	3.箭雨沙暴	8.花榮	Rank 04	PC	37	1500	500	3	1	100%	232%	206%	215	0	0	50	0	0	115	0	0	0	0	0	0	0							
	80305	9500	3.箭雨沙暴	8.花榮	Rank 05	PC	45	1500	500	3	1	100%	241%	213%	219	0	0	50	0	0	120	0	0	0	0	0	0	0							
	80401	9500	4.飛砂箭陣	8.花榮	Rank 01	PC	26	1700	500	3.4	4	50%	48%	60%	55	0	0	30	20	0	50	0	0	0	0	0	0	0							
	80402	9500	4.飛砂箭陣	8.花榮	Rank 02	PC	34	1700	500	3.4	4	50%	53%	61%	57	0	0	30	20	0	55	0	0	0	0	0	0	0							
	80403	9500	4.飛砂箭陣	8.花榮	Rank 03	PC	42	1700	500	3.4	4	50%	55%	62%	59	0	0	30	20	0	60	0	0	0	0	0	0	0							
	80404	9500	4.飛砂箭陣	8.花榮	Rank 04	PC	50	1700	500	3.4	4	50%	58%	62%	61	0	0	30	20	0	65	0	0	0	0	0	0	0							
	80405	9500	4.飛砂箭陣	8.花榮	Rank 05	PC	58	1700	500	3.4	4	50%	59%	63%	63	0	0	30	20	0	70					0	0	0							
	80501	9500	5.麻痺陷阱	8.花榮	Rank 01	PC	1	1500	1000	3	10	150%	48%	54%	49	0	0	40	0	10	100	0	0	0	0	0	0	0							
	80502	9500	5.麻痺陷阱	8.花榮	Rank 02	PC	9	1500	1000	3	10	150%	47%	56%	50	0	0	40	0	10	105	0	0	0	0	0	0	0							
	80503	9500	5.麻痺陷阱	8.花榮	Rank 03	PC	17	1500	1000	3	10	150%	47%	57%	51	0	0	40	0	10	110	0	0	0	0	0	0	0							
	80504	9500	5.麻痺陷阱	8.花榮	Rank 04	PC	25	1500	1000	3	10	150%	49%	57%	52	0	0	40	0	10	115	0	0	0	0	0	0	0							
	80505	9500	5.麻痺陷阱	8.花榮	Rank 05	PC	33	1500	1000	3	10	150%	55%	57%	53	0	0	40	0	10	120	0	0	0	0	0	0	0							
	80601	9500	6.劇毒陷阱	8.花榮	Rank 01	PC	32	1500	1100	3	10	150%	54%	62%	58	0	0	25	0	25	100	0	0	0	0	0	0	0							
	80602	9500	6.劇毒陷阱	8.花榮	Rank 02	PC	39	1500	1100	3	10	150%	57%	63%	60	0	0	25	0	25	105	0	0	0	0	0	0	0							
	80603	9500	6.劇毒陷阱	8.花榮	Rank 03	PC	46	1500	1100	3	10	150%	58%	64%	62	0	0	25	0	25	110	0	0	0	0	0	0	0							
	80604	9500	6.劇毒陷阱	8.花榮	Rank 04	PC	53	1500	1100	3	10	150%	60%	65%	64	0	0	25	0	25	115	0	0	0	0	0	0	0							
	80605	9500	6.劇毒陷阱	8.花榮	Rank 05	PC	60	1500	1100	3	10	150%	61%	65%	66	0	0	25	0	25	120	0	0	0	0	0	0	0							
#  2000001~2999999 為道具效果																																			
# 藥水																																			
	2000101	9500	生命藥水LV1	0.共用	Rank 01	PC	1						65%	0%		0	0	0	50	0															
	2000102	9500	生命藥水LV2	0.共用	Rank 02	PC	20						64%	0%		0	0	0	50	0															
	2000103	9500	生命藥水LV3	0.共用	Rank 03	PC	40						79%	0%		0	0	0	50	0															
	2000104	9500	生命藥水LV4	0.共用	Rank 04	PC	60						87%	0%		0	0	0	50	0															
	2000105	9500	生命藥水LV5	0.共用	Rank 05	PC	80						96%	0%		0	0	0	50	0															
	2000106	9500	生命藥水LV6	0.共用	Rank 06	PC	100						100%	0%		0	0	0	50	0															
	2000107	9500	生命藥水LV7	0.共用	Rank 07	PC							65%	0%		0	0	0	50	0															
	2000108	9500	生命藥水LV8	0.共用	Rank 08	PC							65%	0%		0	0	0	50	0															
	2000109	9500	生命藥水LV9	0.共用	Rank 09	PC							65%	0%		0	0	0	50	0															
	2000110	9500	生命藥水LV10	0.共用	Rank 10	PC							65%	0%		0	0	0	50	0															
	2000111	9500	技能藥水LV1	0.共用	Rank 01	PC	1						65%	0%		0	0	0	0	50															
	2000112	9500	技能藥水LV2	0.共用	Rank 02	PC	20						64%	0%		0	0	0	0	50															
	2000113	9500	技能藥水LV3	0.共用	Rank 03	PC	40						79%	0%		0	0	0	0	50															
	2000114	9500	技能藥水LV4	0.共用	Rank 04	PC	60						87%	0%		0	0	0	0	50															
	2000115	9500	技能藥水LV5	0.共用	Rank 05	PC	80						96%	0%		0	0	0	0	50															
	2000116	9500	技能藥水LV6	0.共用	Rank 06	PC	100						100%	0%		0	0	0	0	50															
	2000117	9500	技能藥水LV7	0.共用	Rank 07	PC							65%	0%		0	0	0	0	50															
	2000118	9500	技能藥水LV8	0.共用	Rank 08	PC							65%	0%		0	0	0	0	50															
	2000119	9500	技能藥水LV9	0.共用	Rank 09	PC							65%	0%		0	0	0	0	50															
	2000120	9500	技能藥水LV10	0.共用	Rank 10	PC							65%	0%		0	0	0	0	50															
	2000121	9500	生命技能藥水LV1	0.共用	Rank 01	PC	1						65%	0%		0	0	0	25	25															
	2000122	9500	生命技能藥水LV2	0.共用	Rank 02	PC	20						64%	0%		0	0	0	25	25															
	2000123	9500	生命技能藥水LV3	0.共用	Rank 03	PC	40						79%	0%		0	0	0	25	25															
	2000124	9500	生命技能藥水LV4	0.共用	Rank 04	PC	60						87%	0%		0	0	0	25	25															
	2000125	9500	生命技能藥水LV5	0.共用	Rank 05	PC	80						96%	0%		0	0	0	25	25															
	2000126	9500	生命技能藥水LV6	0.共用	Rank 06	PC	100						100%	0%		0	0	0	25	25															
	2000127	9500	生命技能藥水LV7	0.共用	Rank 07	PC							65%	0%		0	0	0	25	25															
	2000128	9500	生命技能藥水LV8	0.共用	Rank 08	PC							65%	0%		0	0	0	25	25															
	2000129	9500	生命技能藥水LV9	0.共用	Rank 09	PC							65%	0%		0	0	0	25	25															
	2000130	9500	生命技能藥水LV10	0.共用	Rank 10	PC							65%	0%		0	0	0	25	25															
	2000131	9500	神聖藥水	0.共用	Rank 01	PC	1						65%	0%		0	0	0	0	0															
# 動物大絕招																																			
	2020101	9500	兔城公會大絕招--幹部級	0.共用	無屬性	PC	20				6		64%		0	0	0	0	0	0	0	0	0	0	0	0	0	0							
	2020102	9500	兔城公會大絕招--副會長級	0.共用	無屬性	PC	20				6		64%		0	0	0	0	0	0	0	0	0	0	0	0	0	0							
	2020103	9500	兔城公會大絕招--會長級	0.共用	無屬性	PC	20				6		64%		0	0	0	0	0	0	0	0	0	0	0	0	0	0							
	2020201	9500	象城公會大絕招--幹部級	0.共用	水屬性	PC	20				6		64%		0	0	0	0	0	0	0	0	0	0	0	0	0	0							
	2020202	9500	象城公會大絕招--副會長級	0.共用	水屬性	PC	20				6		64%		0	0	0	0	0	0	0	0	0	0	0	0	0	0							
	2020203	9500	象城公會大絕招--會長級	0.共用	水屬性	PC	20				6		64%		0	0	0	0	0	0	0	0	0	0	0	0	0	0							
	2020301	9500	彪城公會大絕招--幹部級	0.共用	火屬性	PC	20				6		64%		0	0	0	0	0	0	0	0	0	0	0	0	0	0							
	2020302	9500	彪城公會大絕招--副會長級	0.共用	火屬性	PC	20				6		64%		0	0	0	0	0	0	0	0	0	0	0	0	0	0							
	2020303	9500	彪城公會大絕招--會長級	0.共用	火屬性	PC	20				6		64%		0	0	0	0	0	0	0	0	0	0	0	0	0	0							
	2020401	9500	鷹城公會大絕招--幹部級	0.共用	風屬性	PC	20				6		64%		0	0	0	0	0	0	0	0	0	0	0	0	0	0							
	2020402	9500	鷹城公會大絕招--副會長級	0.共用	風屬性	PC	20				6		64%		0	0	0	0	0	0	0	0	0	0	0	0	0	0							
	2020403	9500	鷹城公會大絕招--會長級	0.共用	風屬性	PC	20				6		64%		0	0	0	0	0	0	0	0	0	0	0	0	0	0							
	2020501	9500	駱駝城公會大絕招--幹部級	0.共用	地屬性	PC	20				6		64%		0	0	0	0	0	0	0	0	0	0	0	0	0	0							
	2020502	9500	駱駝城公會大絕招--副會長級	0.共用	地屬性	PC	20				6		64%		0	0	0	0	0	0	0	0	0	0	0	0	0	0							
	2020503	9500	駱駝城公會大絕招--會長級	0.共用	地屬性	PC	20				6		64%		0	0	0	0	0	0	0	0	0	0	0	0	0	0							
	2020601	9500	貓城公會大絕招--幹部級	0.共用	地屬性	PC	20				6		64%		0	0	0	0	0	0	0	0	0	0	0	0	0	0							
	2020602	9500	貓城公會大絕招--副會長級	0.共用	地屬性	PC	20				6		64%		0	0	0	0	0	0	0	0	0	0	0	0	0	0							
	2020603	9500	貓城公會大絕招--會長級	0.共用	地屬性	PC	20				6		64%		0	0	0	0	0	0	0	0	0	0	0	0	0	0							
# 3000001~4999999 為 NPC 技能（自象城起的技能編號習慣為：32-nn-nn-n → 32-關卡ID-第幾個使用者-第幾招）																																			
	3000021	9500	蝗蟲通用騎士踢	蝗蟲	無屬性	MOB					3		100%	30%	80	0	0	0	0	0	100	100	100	100	0	0	0	0							
	3000022	9500	蝗蟲通用頭錘	蝗蟲	無屬性	MOB					1		100%	76%	93	0	0	0	0	0	100	100	100	100	0	0	0	0							
	3000032	9500	兔兵	mob00003		MOB					3		100%	48%	85	0	0	0	0	0	100	100	100	100	0	0	0	0							
	3000092	9500	兔兵	mob00009		MOB					3		100%	48%	85	0	0	0	0	0	100	100	100	100	0	0	0	0							
	3008022	9500	蝸牛通用-大甩眼	蝸牛	無屬性	MOB					1		100%	30%	80	0	0	0	0	0	100	100	100	100	0	0	0	0							
	3019051	9500	通用第一招-吐舌	變色龍(1)	無屬性	MOB					1		100%	100%	100	0	0	0	0	0	100	100	100	100	0	0	0	0							
	3019052	9500	通用第二招-連環吐舌	變色龍(1)	無屬性	MOB					5		100%	20%	77	0	0	0	0	0	85	85	85	85	0	0	0	0							
	3019111	9500	變色龍砲車吐舌	變色龍砲(x1)	無屬性	MOB					1		100%	100%	100	0	0	0	0	0	100	100	100	100	0	0	0	0							
	3019112	9500	變色龍砲車射擊	變色龍刺砲(x1)	無屬性	MOB					1		100%	100%	100	0	0	0	0	0	100	100	100	100	0	0	0	0							
	3019132	9500	變色龍砲車射擊	變色龍機砲(x1)	無屬性	MOB					3		100%	48%	85	0	0	0	0	0	100	100	100	100	0	0	0	0							
	3200001	9500	披風兔蘿蔔刺	披風兔		MOB					1		100%	100%	100	0	0	0	0	0	100	100	100	100	0	0	0	0							
	3200002	9500	披風兔掉蘿蔔	披風兔		MOB					3		100%	58%	88	0	0	0	0	0	100	100	100	100	0	0	0	0							
	3200003	9500	披風兔普攻	披風兔		MOB					1		100%	100%	100	0	0	0	0	0	100	100	100	100	0	0	0	0							
	3200031	9500	兔王跳跳	mob20003跳跳		MOB					3		100%	58%	88	0	0	0	0	0	100	100	100	100	0	0	0	0							
	3200032	9500	兔王跳跳	mob20003跳跳		MOB					3		100%	65%	90	0	0	0	0	0	100	100	100	100	0	0	0	0							
	3200051	9500	毒氣兔兵	mob20005		MOB					1		100%	100%	100	0	0	0	0	0	100	100	100	100	0	0	0	0							
	3200052	9500	毒氣兔兵	mob20005		MOB					1		100%	100%	100	0	0	0	0	0	100	100	100	100	0	0	0	0							
	3200061	9500	手榴彈兔兵	mob20006		MOB					1		100%	100%	100	0	0	0	0	0	100	100	100	100	0	0	0	0							
	3200062	9500	手榴彈兔兵	mob20006		MOB					2		100%	100%	100	0	0	0	0	0	100	100	100	100	0	0	0	0							
	3217011	9500	落下炸彈	香蕉砲塔		MOB					1		100%	100%	100	0	0	0	0	0	100	100	100	100	0	0	0	0							
	3217013	9500	衝擊砲	香蕉砲塔		MOB					1		100%	100%	100	0	0	0	0	0	100	100	100	100	0	0	0	0							
	3217041	9500	直升象通用-射擊	直升象	無屬性	MOB					1		100%	100%	100	0	0	0	0	0	100	100	100	100	0	0	0	0							
	3217042	9500	直升象通用-連續射擊	直升象	無屬性	MOB					1		100%	2%	72	0	0	0	0	0	100	100	100	100	0	0	0	0							
	3218001	9500	小象共用噴水攻擊	小象		MOB					1		100%	100%	100	0	0	0	0	0	100	100	100	100	0	0	0	0							
	3218011	9500	伸縮鼻象噴擠攻擊	伸縮鼻象		MOB					1		100%	100%	100	0	0	0	0	0	100	100	100	100	0	0	0	0							
	3218012	9500	伸縮鼻象鐵鎚攻擊	伸縮鼻象		MOB					1		100%	100%	100	0	0	0	0	0	100	100	100	100	0	0	0	0							
	3218021	9500	盾象衝撞	盾象		MOB					1		100%	100%	100	0	0	0	0	0	100	100	100	100	0	0	0	0							
	3218022	9500	盾象抽打	盾象		MOB					1		100%	100%	100	0	0	0	0	0	100	100	100	100	0	0	0	0							
	3219011	9500	變色龍砲車射擊	盾象		MOB					1		100%	100%	100	0	0	0	0	0	100	100	100	100	0	0	0	0							
	3219021	9500	變色龍機槍車射擊	盾象		MOB					1		100%	100%	100	0	0	0	0	0	100	100	100	100	0	0	0	0							
	3220011	9500	大香蕉飛標	守門象		MOB					1		100%	51%	86	0	0	0	0	0	100	100	100	100	0	0	0	0							
	3220012	9500	影之香蕉飛標	守門象		MOB					1		100%	72%	92	0	0	0	0	0	100	100	100	100	0	0	0	0							
	3221011	9500	布汀冰箱冷氣攻擊	布汀		MOB					1		100%	65%	90	0	0	0	0	0	100	100	100	100	0	0	0	0							
	3221012	9500	布汀範圍攻擊	布汀		MOB					3		100%	86%	96	0	0	0	0	0	100	100	100	100	0	0	0	0							
	3222001	9500	共用普攻	象天王		MOB					1		100%	100%	100	0	0	0	0	0	100	100	100	100	0	0	0	0							
	3222011	9500	噴水柱	象天王1		MOB					1		100%	100%	100	0	0	0	0	0	100	100	100	100	0	0	0	0							
	3222012	9500	噴水柱	象天王1	水屬性	MOB					1		100%	100%	100	0	0	0	0	0	100	100	100	100	0	0	0	0							
	3222021	9500	大鎚	象天王2		MOB					1		100%	100%	100	0	0	0	0	0	100	100	100	100	0	0	0	0							
	3222022	9500	踏石塊	象天王2	地屬性	MOB					1		100%	100%	100	0	0	0	0	0	100	100	100	100	0	0	0	0							
	3222031	9500	噴砲彈	象天王3		MOB					1		100%	100%	100	0	0	0	0	0	100	100	100	100	0	0	0	0							
	3222032	9500	噴砲彈	象天王3	火屬性	MOB					1		100%	100%	100	0	0	0	0	0	100	100	100	100	0	0	0	0							
	3222041	9500	噴木樁	象天王4		MOB					1		100%	100%	100	0	0	0	0	0	100	100	100	100	0	0	0	0							
	3222042	9500	噴木樁	象天王4	風屬性	MOB					1		100%	100%	100	0	0	0	0	0	100	100	100	100	0	0	0	0							
	3222051	9500	噴大便 = =	象天王5		MOB					1		100%	100%	100	0	0	0	0	0	100	100	100	100	0	0	0	0							
	3222052	9500	噴西瓜	象天王5	無屬性	MOB					1		100%	100%	100	0	0	0	0	0	100	100	100	100	0	0	0	0							
	3222061	9500	前方	小飛象	風屬性	MOB					1		100%	100%	100	0	0	0	0	0	100	100	100	100	0	0	0	0							
	3222062	9500	範圍	小飛象	風屬性	MOB					3		100%	79%	94	0	0	0	0	0	55	55	55	55	0	0	0	0							
	3223001	9500	村民推木樁	村民推木樁	無屬性	MOB					1		100%	37%	82	0	0	0	0	0	100	100	100	100	0	0	0	0							
	3223011	9500	木樁輪機	木樁輪機	無屬性	MOB					1		100%	48%	85	0	0	0	0	0	100	100	100	100	0	0	0	0							
	3223021	9500	大香蕉飛標	守門象	無屬性	MOB					1		100%	100%	100	0	0	0	0	0	100	100	100	100	0	0	0	0							
	3223022	9500	影之香蕉飛標	守門象	風屬性	MOB					2		100%	100%	100	0	0	0	0	0	100	100	100	100	0	0	0	0							
	3224021	9500	小雞叫啄兩下	咕咕	無屬性	MOB					1		100%	51%	86	0	0	0	0	0	100	100	100	100	0	0	0	0							
	3224022	9500	小雞叫頭鎚	咕咕	依 MOB	MOB					1		100%	100%	100	0	0	0	0	0	100	100	100	100	0	0	0	0							
	3226051	9500	斑馬燈籠打	斑馬	無屬性	MOB					1		100%	100%	100	0	0	0	0	0	100	100	100	100	0	0	0	0							
	3226052	9500	白斑馬燈籠集氣	斑馬	火屬性	MOB					1		100%	100%	100	0	0	0	0	0	100	100	120	100	0	0	0	0							
	3226053	9500	斑馬大施法	斑馬	風屬性	MOB					1		100%	100%	100	0	0	0	0	0	100	100	100	120	0	0	0	0							
	3226062	9500	黑斑馬燈籠集氣	斑馬	水屬性	MOB					1		100%	100%	100	0	0	0	0	0	100	120	100	100	0	0	0	0							
	3229011	9500	大鎚	象工兵	無屬性	MOB					1		100%	100%	100	0	0	0	0	0	100	100	100	100	0	0	0	0							
	3230011	9500	葫蘆砲車砲擊	被佔葫蘆砲車	火屬性	MOB	38				1		100%	53%	84	0	0	0	0	0	100	100	100	100	0	0	0	0							
	3231011	9500	彪光普照	噴火彪王	火屬性	MOB	44				1		100%	100%	100	0	0	0	0	0	100	100	100	100	0	0	0	0							
	3231012	9500	阿彪吼	噴火彪王	火屬性	MOB	44				1		100%	41%	80	0	0	0	0	0	100	100	100	100	0	0	0	0							
	3234011	9500	撕咬	彪族守門員	火屬性	MOB	38				2		100%	76%	92	0	0	0	0	0	0	0	0	0	0	0	0	0							
	3234012	9500	噴火	彪族守門員	火屬性	MOB	38				3		100%	41%	80	0	0	0	0	0	100	100	100	100	0	0	0	0							
	3234021	9500	迴旋	金獅庄	火屬性	MOB	45				3		100%	32%	80	0	0	0	0	0	55	55	55	55	0	0	0	0							
	3234022	9500	轉身拍球	金獅庄	火屬性	MOB	45				1		100%	32%	80	0	0	0	0	0	100	100	100	100	0	0	0	0							
	3234023	9500	拍球	金獅庄	火屬性	MOB	45				1		100%	32%	80	0	0	0	0	0	100	100	100	100	0	0	0	0							
	3234024	9500	蓋印章攻擊	金獅庄	火屬性	MOB	45				1		100%	32%	80	0	0	0	0	0	100	100	100	100	0	0	0	0							
	3231025	9500	彪光普照	偽裝彪	火屬性	MOB	40				1		100%	167%	120	0	0	0	0	0	100	100	100	100	0	0	0	0							
	3231026	9500	阿彪吼	偽裝彪	火屬性	MOB	40				1		100%	233%	140	0	0	0	0	0	100	100	100	100	0	0	0	0							
	3237031	9500	左右勾拳	沙漠大捕頭	無屬性	MOB	45				2		100%	60%	88	0	0	0	0	0	100	100	100	100	0	0	0	0							
	3237032	9500	擊地拳	沙漠大捕頭	無屬性	MOB	45				1		100%	100%	100	0	0	0	0	0	100	100	100	100	0	0	0	0							
	3240051	9500	咬殺	狗王	無屬性	MOB	56				1		100%	100%	100	0	0	0	0	0	100	100	100	100	0	0	0	0							
	3240052	9500	寒冰撲殺	狗王	無屬性	MOB	56				1		100%	100%	100	0	0	0	0	0	100	100	100	100	0	0	0	0							
	3242021	9500	鋼盔頭錘	怒面頑童	無屬性	MOB	51				1		100%	100%	100	0	0	0	0	0	100	100	100	100	0	0	0	0							
	3242022	9500	超人連擊	怒面頑童	風屬性	MOB	51				2		100%	60%	88	0	0	0	0	0	100	100	100	100	0	0	0	0							
	3242051	9500	蝙蝠衝擊	飛天蝠	風屬性	MOB	50				1		100%	100%	100	0	0	0	0	0	100	100	100	100	0	0	0	0							
	3242052	9500	蝙蝠橫劈	飛天蝠	風屬性	MOB	50				2		100%	52%	86	0	0	0	0	0	85	85	85	85	0	0	0	0							
	3243021	9500	雙截棍二擊	截氣臭鼬	地屬性	MOB	53				2		100%	53%	85	0	0	0	0	0	85	85	85	85	0	0	0	0							
	3243041	9500	酷客橫劈	閃輪酷客	風屬性	MOB	58				1		100%	100%	100	0	0	0	0	0	100	100	100	100	0	0	0	0							
	3243042	9500	酷客轉旋風	閃輪酷客	風屬性	MOB	58				3		100%	21%	75	0	0	0	0	0	100	100	100	120	0	0	0	0							
	3244041	9500	鷹王橫劈	老鷹王	風屬性	MOB	61				1		100%	100%	100	0	0	0	0	0	100	100	100	100	0	0	0	0							
	3244042	9500	鷹王神風	老鷹王	風屬性	MOB	61				3		100%	0%	0	0	0	0	0	0	100	100	100	120	0	0	0	0							
	3244051	9500	翔鷹橫劈	滑翔鷹	風屬性	MOB	56				1		100%	100%	100	0	0	0	0	0	100	100	100	100	0	0	0	0							
	3244052	9500	翔鷹大迴轉	滑翔鷹	風屬性	MOB	56				3		100%	100%	100	0	0	0	0	0	100	100	100	120	0	0	0	0							
	3244061	9500	斯巴達三連	旋風斯巴達	無屬性	MOB	59				1		100%	100%	100	0	0	0	0	0	100	100	100	100	0	0	0	0							
	3244062	9500	這就是斯巴達	旋風斯巴達	無屬性	MOB	59				3		100%	100%	100	0	0	0	0	0	100	100	100	100	0	0	0	0							
# 野外段																																			
	3504011	9500	蚊子4連打	蚊子	無屬性	MOB	16				4		100%	62%	90	0	0	0	0	0	100	100	100	100	0	0	0	0							
	3504012	9500	蚊子叮	蚊子	無屬性	MOB	16				1		100%	100%	100	0	0	0	0	0	100	100	100	100	0	0	0	0							
	3504032	9500	臭屁	臭氣丸、薰天丸	地屬性	MOB	18				1		100%	4%	71	0	0	0	0	0	100	100	100	100	0	0	0	0							
	3504052	9500	爆炸雙截棍	屁屁丸	地屬性	MOB	20				1		100%	100%	100	0	0	0	0	0	100	100	105	100	0	0	0	0							
	3503052	9500	香蕉砲彈	吹砲象		MOB	26				1		100%	46%	86	0	0	0	0	0	100	100	100	100	0	0	0	0							
	3505011	9500	蒼蠅橫擊	蒼蠅	無屬性	MOB	38				1		100%	100%	100	0	0	0	0	0	100	100	100	100	0	0	0	0							
	3505012	9500	蒼蠅俯衝	蒼蠅	無屬性	MOB	38				1		100%	100%	100	0	0	0	0	0	100	100	100	100	0	0	0	0							
	3505031	9500	小老虎撕咬	小帥虎	無屬性	MOB	38				2		100%	44%	81	0	0	0	0	0	100	100	100	100	0	0	0	0							
	3505032	9500	小老虎撞擊	小帥虎	無屬性	MOB	38				1		100%	100%	100	0	0	0	0	0	100	100	100	100	0	0	0	0							
	3505041	9500	扯鈴橫斬擊	飛輪虎	無屬性	MOB	38				1		100%	100%	100	0	0	0	0	0	100	100	100	100	0	0	0	0							
	3505042	9500	飛輪虎尾巴打	飛輪虎	無屬性	MOB	38				2		100%	85%	95	0	0	0	0	0	100	100	100	100	0	0	0	0							
	3505051	9500	雷霆	霹靂虎	風屬性	MOB	45				1		100%	100%	100	0	0	0	0	0	100	100	100	105	0	0	0	0							
	3505052	9500	多段斬	霹靂虎	無屬性	MOB	45				3		100%	76%	93	0	0	0	0	0	100	100	100	100	0	0	0	0							
	3505053	9500	往上拋扯鈴	霹靂虎	無屬性	MOB	45				1		100%	100%	100	0	0	0	0	0	100	100	100	100	0	0	0	0							
	3506031	9500	角瞳獅撲打	捲毛獅	無屬性	MOB	38				2		100%	56%	85	0	0	0	0	0	100	100	100	100	0	0	0	0							
	3506032	9500	角瞳獅迴旋撞	捲毛獅	無屬性	MOB	38				1		100%	100%	100	0	0	0	0	0	100	100	100	100	0	0	0	0							
	3506041	9500	扯鈴風刃擊	飛輪虎	風屬性	MOB	38				1		100%	100%	100	0	0	0	0	0	100	100	100	115	0	0	0	0							
	3506042	9500	飛輪虎尾巴打	飛輪虎	無屬性	MOB	38				2		100%	85%	95	0	0	0	0	0	100	100	100	100	0	0	0	0							
	3507021	9500	氣功打	沙漠童子	無屬性	MOB	38				1		100%	100%	100	0	0	0	0	0	100	100	100	100	0	0	0	0							
	3507022	9500	龜派氣功	沙漠童子	無屬性	MOB	38				1		100%	100%	100	0	0	0	0	0	100	100	100	100	0	0	0	0							
	3507031	9500	口水	有筆駱駝	無屬性	MOB	40				1		100%	17%	75	0	0	0	0	0	100	100	100	100	0	0	0	0							
	3507032	9500	揮毫	有筆駱駝	無屬性	MOB	40				1		100%	100%	100	0	0	0	0	0	100	100	100	100	0	0	0	0							
	3507041	9500	尾巴打	晒駱駝	無屬性	MOB	42				1		100%	100%	100	0	0	0	0	0	100	100	100	100	0	0	0	0							
	3507042	9500	駱駝波	晒駱駝	地屬性	MOB	42				1		100%	84%	95	0	0	0	0	0	100	100	100	100	0	0	0	0							
	3507051	9500	尾巴鞭	龐克駱駝	無屬性	MOB	40				1		100%	133%	110	0	0	0	0	0	100	100	100	100	0	0	0	0							
	3507052	9500	龐克頭突刺	龐克駱駝	無屬性	MOB	40				1		100%	233%	140	0	0	0	0	0	100	100	100	100	0	0	0	0							
	3508011	9500	鉗子四連夾	雙囍蠍	無屬性	MOB	39				4		100%	42%	80	0	0	0	0	0	100	100	100	100	0	0	0	0							
	3508012	9500	毒針	雙囍蠍	無屬性	MOB	39				1		100%	129%	110	0	0	0	0	0	100	100	100	100	0	0	0	0							
	3508013	9500	前後甩尾打	雙囍蠍	無屬性	MOB	39				2		100%	100%	100	0	0	0	0	0	100	100	100	100	0	0	0	0							
	3508023	9500	蠍子衝擊波	邪惡寡蠍	地屬性	MOB	41				1		100%	36%	80	0	0	0	0	0	100	100	100	100	0	0	0	0							
	3508042	9500	仙人掌頭錘	駱駝仙人	地屬性	MOB	47				1		100%	68%	90	0	0	0	0	0	100	100	100	100	0	0	0	0							
	3509011	9500	貓頭錘	布魯貓	無屬性	MOB	46				1		100%	100%	100	0	0	0	0	0	100	100	100	100	0	0	0	0							
	3509012	9500	貓火之尾	布魯貓	火屬性	MOB	46				1		100%	100%	100	0	0	0	0	0	100	100	105	100	0	0	0	0							
	3509042	9500	貓火爆之尾	滾音貓	火屬性	MOB	52				1		100%	100%	100	0	0	0	0	0	100	100	105	100	0	0	0	0							
	3509051	9500	貓頭錘	喜洋洋	無屬性	MOB	53				1		100%	163%	120	0	0	0	0	0	100	100	100	100	0	0	0	0							
	3509052	9500	貓爆炎之尾	喜洋洋	火屬性	MOB	53				10		100%	31%	78	0	0	0	0	0	100	100	120	100	0	0	0	0							
	3510011	9500	企鵝啄	賓古	無屬性	MOB	49				1		100%	100%	100	0	0	0	0	0	100	100	100	100	0	0	0	0							
	3510012	9500	企鵝大迴旋	賓古	水屬性	MOB	49				1		100%	100%	100	0	0	0	0	0	100	100	100	100	0	0	0	0							
	3510021	9500	咬殺	井目狗類	無屬性	MOB	53				1		100%	100%	100	0	0	0	0	0	100	100	100	100	0	0	0	0							
	3510022	9500	撲咬	井目狗類	無屬性	MOB	53				1		100%	100%	100	0	0	0	0	0	100	100	100	100	0	0	0	0							
	3510051	9500	企鵝寒氣啄	企鵝波波	水屬性	MOB	58				1		100%	100%	100	0	0	0	0	0	100	120	100	100	0	0	0	0							
	3510052	9500	企鵝雪暴迴旋	企鵝波波	水屬性	MOB	58				1		100%	100%	100	0	0	0	0	0	100	120	100	100	0	0	0	0							
	3511011	9500	啄木鳥第一招	神風鳥	無屬性	MOB	46				1		100%	100%	100	0	0	0	0	0	100	100	100	100	0	0	0	0							
	3511012	9500	啄木鳥第二招	神風鳥	風屬性	MOB	46				1		100%	100%	100	0	0	0	0	0	100	100	100	100	0	0	0	0							
	3511021	9500	老鷹橫劈	重裝鷹	風屬性	MOB	48				1		100%	100%	100	0	0	0	0	0	100	100	100	100	0	0	0	0							
	3511022	9500	老鷹兩段打	重裝鷹	風屬性	MOB	48				2		100%	69%	90	0	0	0	0	0	100	100	100	100	0	0	0	0							
	3511051	9500	熱狗啄(1/9)	香腸葛格	無屬性	BOSS	52				1		100%	#N/A	250	0	0	0	0	0	100	100	100	100	0	0	0	0							
	3511052	9500	熱狗屁(8/9)	香腸葛格	風屬性	BOSS	52				1		100%	197%	130	0	0	0	0	0	100	100	120	110	0	0	0	0							
	3512012	9500	老鷹轉旋風	黑禿鷹	風屬性	MOB	49				1		100%	10%	70	0	0	0	0	0	100	100	100	100	0	0	0	0							
	3512021	9500	鴕鳥啄兩下	黑鴕鳥	無屬性	MOB	46				2		100%	77%	93	0	0	0	0	0	100	100	100	100	0	0	0	0							
	3512022	9500	鴕鳥啄好多下	黑鴕鳥	無屬性	MOB	46				6		100%	2%	70	0	0	0	0	0	100	100	100	100	0	0	0	0							
	3512061	9500	燈籠火	燈籠	火屬性	MOB	55				1		100%	30%	80	0	0	0	0	0	100	100	120	100	0	0	0	0							
	3512062	9500	燈籠舔舔	燈籠	無屬性	MOB	55				2		100%	83%	95	0	0	0	0	0	100	100	100	100	0	0	0	0							
	3512071	9500	閻王四拳	黑暗王	無屬性	MOB	59				4		100%	85%	95	0	0	0	0	0	100	100	100	100	0	0	0	0							
	3512072	9500	閻王蠟燭戳	黑暗王	無屬性	MOB	59				4		100%	85%	95	0	0	0	0	0	100	100	100	100	0	0	0	0							
	3514021	9500	兔踢3下	萬兔水	無屬性	MOB	17				3		100%	65%	90	0	0	0	0	0	100	100	100	100	0	0	0	0							
	3514022	9500	兔耳打	萬兔水	無屬性	MOB	17				1		100%	100%	100	0	0	0	0	0	100	100	100	100	0	0	0	0							
	3515031	9500	燈籠火	燈籠	火屬性	MOB	32				1		100%	100%	100	0	0	0	0	0	100	100	120	100	0	0	0	0							
	3515032	9500	燈籠舔舔	燈籠	無屬性	MOB	32				2		100%	41%	84	0	0	0	0	0	80	80	80	80	0	0	0	0							
	3516051	9500	超大鎚打	巨鎚酋長	無屬性	MOB	37				1		100%	#N/A	250	0	0	0	0	0	100	100	120	100	0	0	0	0							
	3516052	9500	鎚打	巨鎚酋長	無屬性	MOB	37				1		100%	100%	100	0	0	0	0	0	100	100	100	100	0	0	0	0							
	3517011	9500	咬環獅咬人	玩偶彪	無屬性	MOB	38				2		100%	56%	85	0	0	0	0	0	100	100	100	100	0	0	0	0							
	3517012	9500	咬環獅吐火	玩偶彪	火屬性	MOB	38				1		100%	100%	100	0	0	0	0	0	100	100	115	100	0	0	0	0							
	3517021	9500	角瞳獅撲打	捲毛獅	無屬性	MOB	38				2		100%	56%	85	0	0	0	0	0	100	100	100	100	0	0	0	0							
	3517022	9500	角瞳獅迴旋撞	捲毛獅	無屬性	MOB	38				1		100%	100%	100	0	0	0	0	0	100	100	100	100	0	0	0	0							
	3518011	9500	扯鈴雷電擊	飛輪虎	風屬性	MOB	38				1		100%	100%	100	0	0	0	0	0	100	100	100	120	0	0	0	0							
	3518012	9500	飛輪虎尾巴打	飛輪虎	無屬性	MOB	38				2		100%	85%	95	0	0	0	0	0	100	100	100	100	0	0	0	0							
	3518021	9500	扯鈴冰晶擊	飛輪虎	水屬性	MOB	38				1		100%	100%	100	0	0	0	0	0	100	120	100	100	0	0	0	0							
	3518022	9500	飛輪虎尾巴打	飛輪虎	無屬性	MOB	38				2		100%	85%	95	0	0	0	0	0	100	100	100	100	0	0	0	0							
	3518031	9500	扯鈴火炎擊	飛輪虎	火屬性	MOB	38				1		100%	100%	100	0	0	0	0	0	100	100	120	100	0	0	0	0							
	3518032	9500	飛輪虎尾巴打	飛輪虎	無屬性	MOB	38				2		100%	85%	95	0	0	0	0	0	100	100	100	100	0	0	0	0							
	3518041	9500	扯鈴捲斬擊	飛輪虎	無屬性	MOB	38				1		100%	100%	100	0	0	0	0	0	100	100	100	100	0	0	0	0							
	3518042	9500	飛輪虎尾巴打	飛輪虎	無屬性	MOB	38				2		100%	85%	95	0	0	0	0	0	100	100	100	100	0	0	0	0							
	3518051	9500	扯鈴橫斬擊	飛輪虎(x2)	無屬性	MOB	38				1		100%	100%	100	0	0	0	0	0	100	100	100	100	0	0	0	0							
	3518052	9500	飛輪虎尾巴打	飛輪虎(x2)	無屬性	MOB	38				2		100%	85%	95	0	0	0	0	0	100	100	100	100	0	0	0	0							
	3519001	9500	刀砍	禁衛隊長	無屬性	MOB	50				1		100%	100%	100	0	0	0	0	0	100	100	100	100	0	0	0	0							
	3519002	9500	迴旋	禁衛隊長	無屬性	MOB	50				2		100%	100%	100	0	0	0	0	0	100	100	100	100	0	0	0	0							
	3519041	9500	射箭	禁衛兵	無屬性	MOB	44				1		100%	100%	100	0	0	0	0	0	100	100	100	100	0	0	0	0							
	3519042	9500	還是射箭	禁衛兵	無屬性	MOB	44				3		100%	41%	80	0	0	0	0	0	100	100	100	100	0	0	0	0							
	3519051	9500	駱駝咬	陣地駱駝	無屬性	MOB	43				1		100%	100%	100	0	0	0	0	0	100	100	100	100	0	0	0	0							
	3519052	9500	爽管砲	陣地駱駝	無屬性	MOB	43				1		100%	100%	100	0	0	0	0	0	110	100	100	100	0	0	0	0							
	3519061	9500	駱駝咬	重裝駱駝	無屬性	MOB	45				1		100%	100%	100	0	0	0	0	0	100	100	100	100	0	0	0	0							
	3519062	9500	加農砲	重裝駱駝	無屬性	MOB	45				1		100%	134%	110	0	0	0	0	0	100	100	100	110	0	0	0	0							
	3519063	9500	迫擊砲	重裝駱駝	火屬性	MOB	45				1		100%	235%	140	0	0	0	0	0	100	100	100	100	0	0	0	0							
	3520011	9500	攻城腿	倒立人類	無屬性	MOB	44				1		100%	100%	100	0	0	0	0	0	100	100	100	100	0	0	0	0							
	3520012	9500	人類大迴轉	倒立人類	無屬性	MOB	44				2		100%	71%	90	0	0	0	0	0	100	100	100	100	0	0	0	0							
	3520021	9500	綠色磁針	黑紫螫針	無屬性	MOB	45				1		100%	83%	95	0	0	0	0	0	100	100	100	100	0	0	0	0							
	3520022	9500	紫蠍尾打	黑紫螫針	無屬性	MOB	45				1		100%	100%	100	0	0	0	0	0	100	100	100	100	0	0	0	0							
	3520031	9500	毒液噴射	水藍螫針	無屬性	MOB	45				1		100%	66%	90	0	0	0	0	0	100	100	100	100	0	0	0	0							
	3520032	9500	藍蠍尾打	水藍螫針	地屬性	MOB	45				1		100%	83%	95	0	0	0	0	0	110	100	100	100	0	0	0	0							
	3520041	9500	枕頭炸彈	怪異枕頭	無屬性	MOB	46				1		100%	100%	100	0	0	0	0	0	100	100	100	100	0	0	0	0							
	3520042	9500	枕頭旋風	怪異枕頭	風屬性	MOB	46				3		100%	35%	80	0	0	0	0	0	100	100	100	110	0	0	0	0							
	3520052	9500	毒針(1/4)	紫尾蠍王	無屬性	MOB	47				1		100%	195%	130	0	0	0	0	0	100	100	100	100	0	0	0	0							
	3520053	9500	蠍子衝擊波(3/4)	紫尾蠍王	地屬性	MOB	47				3		100%	132%	110	0	0	0	0	0	120	100	100	100	0	0	0	0							
	3522051	9500	陽春琵琶音	雪女	水屬性	MOB	60				1		100%	82%	95	0	0	0	0	0	100	120	100	100	0	0	0	0							
	3522052	9500	陽春地獄音	雪女	水屬性	MOB	60				1		100%	100%	100	0	0	0	0	0	100	120	100	100	0	0	0	0							
	3523011	9500	鸚鵡土龍閃	桃子鸚鵡	無屬性	MOB	52				1		100%	100%	100	0	0	0	0	0	100	100	100	100	0	0	0	0							
	3523012	9500	鸚鵡起飛	桃子鸚鵡	無屬性	MOB	52				1		100%	100%	100	0	0	0	0	0	100	100	100	100	0	0	0	0							
	3523041	9500	鸚鵡土龍閃	藍莓鸚鵡(x1.5)	無屬性	MOB	56				1		100%	100%	100	0	0	0	0	0	100	100	100	100	0	0	0	0							
	3523042	9500	鸚鵡起飛	藍莓鸚鵡(x1.5)	無屬性	MOB	56				1		100%	100%	100	0	0	0	0	0	100	100	100	100	0	0	0	0							
	3523051	9500	鸚鵡土龍閃	藍莓鸚鵡(x1.5)	無屬性	MOB	56				1		100%	100%	100	0	0	0	0	0	100	100	100	100	0	0	0	0							
	3523052	9500	鸚鵡起飛	藍莓鸚鵡(x1.5)	無屬性	MOB	56				1		100%	100%	100	0	0	0	0	0	100	100	100	100	0	0	0	0							
	3523061	9500	鸚鵡土龍閃	鸚鵡王(x2)(1/3)	無屬性	BOSS	57				1		100%	#N/A	200	0	0	0	0	0	100	100	100	100	0	0	0	0							
	3523062	9500	鸚鵡起飛	鸚鵡王(x2)(2/3)	無屬性	BOSS	57				1		100%	198%	130	0	0	0	0	0	100	100	100	100	0	0	0	0							
	3524061	9500	燈籠火	燈籠(1/4)	火屬性	MOB	55				1		100%	239%	140	0	0	0	0	0	100	100	120	100	0	0	0	0							
	3524062	9500	燈籠舔舔	燈籠(3/4)	無屬性	MOB	55				2		100%	135%	110	0	0	0	0	0	100	100	100	100	0	0	0	0							
	4000001	9500	MOB普攻1	林沖型MOB	無屬性	MOB					1		100%	100%	100	0	0	0	0	0	100	100	100	100	0	0	0	0							
	4000002	9500	MOB普攻1	雷橫型MOB	無屬性	MOB					1		100%	100%	100	0	0	0	0	0	100	100	100	100	0	0	0	0							
	4000003	9500	MOB普攻1	孫二娘型MOB	無屬性	MOB					1		100%	100%	100	0	0	0	0	0	100	100	100	100	0	0	0	0							
	4000004	9500	MOB普攻1	戴宗型MOB	無屬性	MOB					1		100%	100%	100	0	0	0	0	0	100	100	100	100	0	0	0	0							
	4000005	9500	MOB普攻2	林沖型MOB	依 MOB	MOB					1		100%	86%	96	0	0	0	0	0	100	100	100	100	0	0	0	0							
	4000006	9500	MOB普攻2	雷橫型MOB	依 MOB	MOB					1		100%	86%	96	0	0	0	0	0	100	100	100	100	0	0	0	0							
	4000007	9500	MOB普攻2	孫二娘型MOB	依 MOB	MOB					1		100%	86%	96	0	0	0	0	0	100	100	100	100	0	0	0	0							
	4000008	9500	MOB普攻2	戴宗型MOB	依 MOB	MOB					1		100%	86%	96	0	0	0	0	0	100	100	100	100	0	0	0	0							
	4018011	9500	大象城怪推擠攻擊	象隊長		MOB					1		100%	100%	100	0	0	0	0	0	100	100	100	100	0	0	0	0							
	4019011	9500	19關要用的			MOB					0		100%	100%	100	0	0	0	0	0	100	100	100	100	0	0	0	0							
# 5000001~6999999 為機關技能																																			
	5000001	9500	通用機關強度	攻擊1次型機關	DMG 100%	機關					1		100%	100%	100	0	0	0	0	0	40	40	40	40	0	0	0	0							
	5000002	9500	通用機關強度	攻擊2次型機關	DMG 50%	機關					2		100%	51%	86	0	0	0	0	0	40	40	40	40	0	0	0	0							
	5000003	9500	通用機關強度	攻擊3次型機關	DMG 33%	機關					3		100%	37%	82	0	0	0	0	0	40	40	40	40	0	0	0	0							
	5000004	9500	通用機關強度	攻擊4次型機關	DMG 25%	機關					4		100%	23%	78	0	0	0	0	0	40	40	40	40	0	0	0	0							
	5000005	9500	通用機關強度	攻擊5次型機關	DMG 20%	機關					5		100%	20%	77	0	0	0	0	0	40	40	40	40	0	0	0	0							
	5000011	9500	通用元素機關強度	攻擊1次型機關	DMG 100%	機關					1		100%	86%	96	0	0	0	0	0	65	65	65	65	0	0	0	0							
	5000012	9500	通用元素機關強度	攻擊2次型機關	DMG 50%	機關					2		100%	44%	84	0	0	0	0	0	60	60	60	60	0	0	0	0							
	5000013	9500	通用元素機關強度	攻擊3次型機關	DMG 33%	機關					3		100%	30%	80	0	0	0	0	0	55	55	55	55	0	0	0	0							
	5000014	9500	通用元素機關強度	攻擊4次型機關	DMG 25%	機關					4		100%	20%	77	0	0	0	0	0	50	50	50	50	0	0	0	0							
	5000015	9500	通用元素機關強度	攻擊5次型機關	DMG 20%	機關					5		100%	16%	76	0	0	0	0	0	45	45	45	45	0	0	0	0							
	5001804	9500	地雷用	攻擊1次型機關	DMG 100%	機關					1		100%	100%	100	0	0	0	0	0	100	100	100	100	0	0	0	0							
	5001805	9500	胡椒粉用	攻擊N次型機關	DMG 100%	機關					1		100%	100%	100	0	0	0	0	0	100	100	100	100	0	0	0	0							
	5002004	9500	鐵板陣(快)	鐵板陣		機關					3		100%	65%	90	0	0	0	0	0	50	50	50	50	0	0	0	0							
	5100102	9500	持續扣血	熱火管滾筒		機關					1		100%	65%	90	0	0	0	0	0	50	50	50	50	0	0	0	0							
# 8000001~8999999 為推王技能																																			
